15. Ekim. 1961 Milletvekili ve Senato Üyesi Seçimi Sonuçları
(İl ve İlçeler itibariyle)
Milletvekilleri Senatörler
SSeeççmmeenn
lliissttee­­ Partilerin aldığı oy sayısı
ssiinnddee
İİlllleerr vvee iillççeelleerr yyaazzııllıı Oy kulla­ Muteber
sseeççmmeenn­­ nan seç­ tutulan lleerriinn menlerin
oy sayısı ssaayyııssıı sayısı
nıralzısmığaB
ısıyas
yo
ığıdla
Partilerin aldığı ov sayısı
Oy kulla­ Muteber
nan seç­ tutulan menlerin
oy sayısı sayısı
nıralzısmığaB
ısıyas
yo
ığıdla
Seçmen
liste­
sinde
İller ve ilçeler yazılı Oy kulla­ Muteber
seçmen­ nan seç­ tutulan lerin menlerin
oy sayısı sayısı sayısı
.P
.H
.C
.P
.M
.K
.C
.P
.T
.Y
nıralzısmığaB
ısıyas
yo
ığıdla
Oy kulla­ Muteber
nan seç­ tutulan menlerin
oy sayısı sayısı
.P
.H
.C
.P
.T
.Y
nıralzısmığaB
ısıyas
yo
ığıdla
Haymana 19 684 17 313 16 823 1 782 7 618 6 918 474 31 17 317 16 794 1 903 7 605 6 737 569
Kalecik 12 316 10 461 10 074 1 015 3 084 5 401 438 136 10 464 9 966 1 054 3 094 5 383 428 —
Keskin 16 993 14 795 14 233 1 015 4 970 8 038 166 44 14 765 14 178 1 181 4 976 7 802 221 —
Kırıkkale 32 453 28 455 27 658 7 180 8 954 10 921 374 229 28 457 27 517 7 441 8 934 10 711 445 —
Kızılcahamam 21 231 18 019 17 233 6 210 3 739 5 850 1 305 129 18 008 17 011 6 422 3 678 5 523 1 388 —
Nallıhan 15 948 14 323 14 130 760 4 741 1 825 6 774 29 14 319 14 142 490 4 264 926 8 462 —
Polatlı 22 708 19 811 19 340 834 7 920 10 107 372 107 19 808 19 264 992 7 897 9 848 398 —
Sulakyurt 7 483 6 424 6 147 739 2 843 2 050 492 23 6 425 6 144 732 2 841 2 105 470 —
Ş. Koçhisar 26 524 23 637 22 782 2 222 7 096 12 538 742 57 23 639 22 554 2 255 7 072 12 403 898 —
Yenimahalle 23 205 34 255 33 630 7 917 14 329 9 165 1 595 616 34 538 33 477 8 312 14 257 8 971 1 937 —
Toplam - Total 591 937 479 682 468 805 92 734 181147 166535 23 646 3 522 480 045 466 088 95 313 181155 162312 26 888 —
_
ANTALYA (Mer.) 45 131 35 695 34 513 22 106 10 853 1 473 35 773 34 102 21 884 10 892 1 103 277
Akseki 13 704 10 385 9 959 4 498 5 114 347 — — 10 387 9 882 4 443 5 081 290 — 66
Alanya 18 693 12 691 12 159 7 534 3 914 711 — — 12 755 11 981 7 448 3 867 580 — 88
Elmalı 15 309 13 088 12 542 7 818 4 362 362 — — 13 110 12 472 7 808 4 254 270 — 134
Finike 7 6İ6 6 440 6 190 3 713 2 335 142 — — 6 440 6 152 3 722 2 304 97 — 31
Gazipaşa 8 573 6 628 6 293 2 057 4 053 162 — — 6 625 6 211 1 956 4 094 140 — 26
Gündoğmuş 6 972 5 870 5 601 3 139 2 046 409 — — 5 876 5 491 3 032 2 070 321 — 66
Kaş 16 124 12 972 12 416 10 441 1 916 59 — — 12 432 12 387 10 379 1 883 34 — 92
Korkuteli 18 669 15 019 14 120 8 430 5 134 555 — — 15 023 13 974 8 614 4 921 416 — 56
Kumluca 8 555 7 267 7 033 4 403 2 458 172 — — 7 263 7 003 4 481 2 379 116 — 27
Manavgat 17 667 14 385 13 669 6 227 6 775 666 — — 14 386 13 309 5 868 6 691 550 — 191
Serik 16 403 14 295 13 742 10 248 2 992 502 — — 14 296 13 674 10 273 2 972 361 — 69
Toplam - Total 193 416 154 735 148 237 90 614 51 952 5 560 — 154 916 146 638 89 908 51 408 4 278 —- I 123
_ _
ARTVİN (Merkez) 10 206 7 950 7 603 2 585 3 950 1 068 7 949 7 531 2 253 4 219 1 059
Ardanuç 10 201 8 091 7 677 1 668 5 050 959 — — 8 093 7 582 1 171 5 920 491 — —
Arhavi 7 844 3 976 5 749 3 662 1 872 215 —- mm 5 978 5 766 3 623 1 880 263 — —
Borçka 14 737 11 261 10 717 5 821 3 971 925 — mm 11 261 10 682 5 619 4 322 741 — —
Hopa 7 382 6 101 3 857 1 939 3 735 183 — mm 6 103 5 864 2 092 3 631 141 — —
Şavşat 21 746 16 995 15 883 7 592 8 339 1 952 — 16 995 15 653 7 492 6 506 1 655 — —
Yusufeli 19 819 13 175 12 422 6 930 4 241 1 261 — 13 178 12 338 6 882 4 513 943 — —
Toplam - Total 91 935 69 549 65 918 30 197 29 158 6 563 — — 69 557 65 416 29 132 30 991 5 293 — —
AYDIN (Merkez) 54 395 46 723 45 232 29 321 12 916 2 609 386 46 729 43 933 30 412 13 508
Bozdoğan 15 561 13 079 12 585 9 262 2 977 187 159 13 080 12 549 9 452 3 096 — — —
Çine 26 140 22 781 22 043 16 285 4 863 622 273 22 774 21 790 16 684 5 094 — — —
Germencik 14 874 13 409 13 082 7 572 5 238 242 30 13 406 13 023 7 733 5 288 — — —
Karacasu 10 006 8 371 9 047 5 207 2 525 315 — 8 369 7 833 5 245 2 589 — — —
Koçarlı 13 086 11 436 11 074 7 329 3 095 572 78 11 423 10 715 7 482 3 233 — — —
Kuşadası 6 388 5 338 5 412 2 928 2 189 257 38 5 539 5 237 3 010 2 227 — — —
Kuyucak 14 715 12 687 12 213 7 764 3 981 311 157 12 690 12 127 8 124 4 015 — — —
Nazilli 34 142 28 193 27 290 16 805 9 108 939 438 28 198 26 915 17 453 9 453 — — —
Söke 28 577 22 815 22 018 13 708 7 194 999 117 22 831 21 613 14 288 7 327 — — —
Sultanhisar 8 969 7 866 7 655 3 725 3 669 149 112 7 867 7 622 3 868 3 753 — —
Yenipazar 7 166 6 499 6 324 4 366 1 832 124 2 6 503 6 305 4 441 1 863 — — —
Toplam - Total 234 019 199 397 192 975 124272 59 587 7 326 1 790 199 409 189 662 128192 61 446 — — —
BALIKESİR (Mer.) 64 679 51 699 49 890 32 247 14 393 2 304 946 51 816 49 427 32 421 14 383 1 892 680
Ayvalık 15 768 13 783 13 497 7 359 5 795 176 167 13 791 13 422 7 337 5 768 162 190 —
Balya 14 454 12 641 12 206 6 067 4 969 840 330 12 641 12 128 6 199 4 957 643 279 —
Bandırma 25 895 21 426 20 857 12 831 6 532 1 165 329 21 435 20 758 12 848 6 611 1 055 242
Bigadiç 19 751 17 038 16 527 8 888 6 877 497 265 17 034 16 496 8 896 7 005 401 213 —
Burhaniye 16 247 14 167 13 871 5 677 7 833 255 106 14 203 13 853 5 645 7 917 204 111 —
Dursunbey 20 967 18 384 17 791 12 195 4 624 920 52 18 401 17 713 12 339 4 684 656 33 —
Edremit 17 193 14 369 14 001 7 298 6 050 522 131 14 377 13 967 7 308 6 008 496 129 —
Erdek 11 136 9 632 9 365 5 132 3 900 191 142 9 636 9 328 5 169 3 878 148 127 —
Gönen 30 292 25 650 24 585 14 814 8 154 1 107 510 25 667 24 419 14 776 8 170 1 177 432 —
Havran 10 771 9 433 9 250 5 375 3 466 261 148 9 421 9 205 5 438 3 483 198 88 —
İvrindi 16 337 13 820 13 400 8 327 4 563 305 205 13 924 13 427 8 444 4 494 225 158 —
Kepsut 14 389 13 013 12 599 7 794 3 807 797 201 13 013 12 535 7 886 1 3 793 655 199 —
Manyas 16 720 14 459 13 754 8 330 4 081 1 160 183 14 395 13 644 8 346 1 4 120 1 019 138 —
Savaştepe 10 054 8 307 8 041 5 316 2 301 205 219 8 313 8 006 5 486 2 214 107 132 —
Sındırgı 22 548 19 980 19 324 8 563 9 866 598 297 19 978 19 235 8 735 9 814 493 193 —
Susurluk 20 675 17 105 16 517 10 875 4 573 630 439 17 204 16 553 10 902 4 543 564 548 —
Toplam - Total 347 876 294 906 285 475 167088 101784 11 933 4 670 295 252 284 116 169175 1101842 10 095 3 892 —
VII