15. Ekim. 1961 Milletvekili ve Senato Üyesi Seçimi Sonuçları
(İl ve ilçeler itibariyle)
Milletvekilleri Senatörler
SSeeççmmeenn
lliissttee­­ Partilerin aldığı oy sayısı
ssiinnddee
İİlllleerr vvee İİllççeelleerr yyaazzııllıı Oy kulla­ Muteber
sseeççmmeenn­­ nan seç­ tutulan lleerriinn menlerin
oy sayısı ssaayyııssıı sayısı
nıralzısmığaB
ısıyas
yo
ığıdla
Partilerin aldığı ov sayısı
Oy kulla­ Muteber
nan seç­ tutulan menlerin
oy sayısı sayısı
nıralzısmığaB
ısıyas
yo
ığıdla
Seçmen
liste­
sinde
İller ve İlçeler yazılı Oy kulla­ Muteber
seçmen­ nan seç­ tutulan lerin menlerin
oy sayısı sayısı sayısı P
.P
.H
.C
.P
.M
.K
.C
.P
.T
.Y
nıralzısmığaB
ısıyas
yo
ığıdla
Oy kulla­ Muteber
nan seç­ tutulan menlerin
oy sayısı sayısı
A
.P
.H
.C
.P
.M
.K
.C
.P
.T
.Y
nıralzısmığaB
ısıyas
yo
ığıdla
BİLECİK (Mer.) 16 098 13 582 12 996 6 542 5 781 673 14 169 13 513 6 940 5 893 680
Bozöyük 21 031 18 507 17 797 9 588 7 035 1 174 — — 18 510 17 775 9 671 6 969 1 135 mm —
Gölpazarı 12 877 11 481 11 175 6 068 4 727 380 — — 11 487 11 152 6 275 4 676 201 —
Osmaneli 6 903 6 173 5 924 3 699 2 015 210 — — 6 171 5 892 3 717 1 998 177 — mm
Pazaryeri 9 398 8 071 7 640 3 709 2 167 1 764 — — 8 071 7 572 3 732 2 117 1 723 — mm
Söğüt 13 446 11 649 11 192 4 294 5 959 939 — — 11 654 11 093 4 314 5 841 938 — —
Toplam - 79 753 69 463 66 724 33 900 27 684 5 140 — — 70 062 66 997 34 649 27 494 4 854 — —
_
BİNGÖL (Merkez) 14 148 11 548 11 215 2 253 204 8 757 1 11 534 11 083 3 246 695 7 142 —
Genç 9 992 7 733 7 518 — 2 472 239 4 807 — 7 730 7 473 — 2 291 206 4 976 —
Karlıova 6 737 5 740 5 667 _ 1 481 819 3 321 46 5 847 5 614 — 1 563 775 3 276 —
Kiğı 16 720 14 130 13 864 — 5 838 1 971 5 033 1 022 14 146 13 756 — 7 984 548 5 224 —
Solhan 4 312 2 891 2 831 mm 724 1 581 524 2 2 891 2 726 — 692 986 1 048 —
Toplam - 51 909 42 042 41 095 — 12 768 4 814 22 442 1 071 42 148 40 652 — 15 776 3 210 21 666 —
_
BİTLİS (Merkez) 14 645 11 960 11 709 3 860 2 410 5 439 11 952 11 452 4 949 6 503 —
Adilcevaz 4 963 4 149 4 075 — 1 463 403 2 209 — 4 153 4 013 — 1 569 — 2 444
Ahlat 5 264 4 458 4 381 — 1 687 121 2 573 — 4 459 4 288 — 1 290 — 2 998
Hizan 6 428 5 077 4 984 1 209 2 469 1 328 — 5 087 4 823 — 2 176 — 2 642 —.
Mutki 6 704 5 911 5 842 1 630 185 4 027 — 5 912 5 818 — 1 439 — 4 379 —
Tatvan 7 826 6 405 6 270 1 647 2 722 1 889 — 6 405 5 755 — 2 324 — 3 431 —
Toplam - 45 830 37 960 37 261 11 496 8 310 17 465 —• 37 968 36 149 — 13 747 — 22 397 —
BOLU (Merkez) 28 499 24 055 23 468 1 647 7 047 3 672 11 102 24 066 22 854 2 103 6 403 3 140 11 640 —
Akçakoca 10 037 8 374 7 981 3 938 2 224 1 057 852 mm 8 375 7 824 3 777 2 144 1 064 1 013 —_
Düzce 54 157 45 097 42 885 15 256 13 150 5 890 8 589 _ 45 086 42 029 15 058 12 894 5 782 8 316
Gerede 28 511 21 998 21 425 2 448 3 048 10 519 5 410 21 980 20 351 2 511 2 920 9 783 5 223 mm
Göynük 11 574 9 931 9 486 4 589 3 495 342 1 057 9 927 9 456 4 240 4 013 220 842 mm
Kıbrısçık 4 275 3 456 3 392 373 1 722 377 920 3 455 3 359 379 1 705 390 887 _
Mengen 9 952 8 124 7 711 2 092 1 592 3 431 596 mmm 8 023 7 602 2 103 1 576 3 368 568 mm
Mudurnu 14 661 12 459 12 181 269 4 068 581 7 263 12 464 11 955 312 4 011 601 7 042 mm
Seben 6 782 5 440 5 304 163 1 947 99 3 095 5 441 5 280 146 1 752 74 3 116 mmi
Yığılca 6 293 5 655 5 401 1 578 1 857 529 1 437 5 654 5 254 1 456 1 814 518 1 468 —
Toplam - 174 741 144 589 139 234 32 353 40 150 26 497 40 321 — 144. 471 135 964 32 085 39 232 24 940 40 115 —
BURDUR (Merkez) 31 434 26 021 24 767 6 209 12 322 _ 6 236 | 26 038 24 458 5 779 12 357 6 322 —
Ağlasun 4 471 3 602 3 276 1 221 1 056 — 549 3 609 3 209 718 1 468 — 1 023 mm
Bucak 15 229 12 613 11 949 7 638 3 782 — 529 12 625 11 827 7 490 3 780 — 557 mm
Gölhisar 14 526 10 728 10 187 2 428 3 518 4 241 10 713 10 097 2 280 3 541 — 4 276 mm
Tefenni 9 522 7 701 7 259 2 596 3 402 — 1 261 7 699 7 132 2 458 3 322 — 1 352 mm
Yeşilova 13 035 10 031 9 372 4 508 5 065 — 777 mim 11 027 10 169 4 302 4 159 mm 1 240
Toplam - 88 217 70 696 66 810 24 600 29 595 13 593 —• 71 711 66 892 23 027 28 937 — 14 470
BURSA (Merkez) 141 424 116 827 112 236 71 278 32 189 6 151 2 618 116 852 111 055 70 337 31 873 5 779 2 515 1 198
Gemlik 16 332 13 687 13 363 9 732 3 101 294 236 _ 13 703 13 301 9 771 3 091 291 143 2
İnegöl 39 824 33 98i 32 186 20 852 8 302 2 220 812 —_. 33 978 31 809 20 834 8 223 1 949 704 1_43
İznik 13 928 12 288 11 917 6 681 4 380 732 124 12 283 11 852 6 685 4 349 699 119
Karacabey 28 507 24 917 24 042 14 404 8 658 627 353 24 929 23 919 14 341 8 568 633 223 140
Keleş 10 492 9 088 8 721 5 561 2 554 400 206 mmm 9 091 8 704 5 640 2 581 313 166 mm
Mudanya 13 296 11 556 11 260 6 020 4 304 831 105 mim 11 524 11 166 6 038 4 282 777 97 9
M. Kemalpaşa 40 960 34 695 33 238 21 419 8 014 3 036 769 _ 34 694 33 067 21 478 8 197 2 756 504 96
Orhaneli 22 903 19 857 18 831 12 208 4 847 1 221 555 19 857 18 719 12 329 5 004 898 387 1
Orhangazi 14 886 13 208 12 826 8 368 3 833 502 123 — 13 212 12 787 8 398 3 788 464 108 —
Yenişehir 23 021 20 644 20 058 11 839 7 228 778 213 20 873 19 969 11 762 7 259 679 182 37
Toplam - 365 573 310 750 298 678 188362 87 410 16 792 6 114 310 996 296 348 187613 87 215 15 238 5 148 1 626
Ç. KALE (Mer.) 18 995 15 676 15 071 2 776 5 858 3 011 3 426 15 678 14 961 2 709 5 805 3 095 3 394 —
Ayvalık 13 935 11 783 11 581 1 545 5 168 408 4 460 11 784 11 528 1 466 5 112 413 4 539 _—
Bayramiç 16 921 14 617 14 155 722 6 776 620 6 037 14 617 14 098 676 6 734 540 6 147
Biga 38 569 31 097 29 698 14 469 7 752 3 027 4 450 31 091 29 471 14 474 7 598 3 032 4 464 —
Bozcaada 1 046 647 644 21 138 90 395 647 634 27 129 99 385 —
Çan 17 483 15 042 14 388 8 895 4 602 641 282 14 943 14 195 8 971 4 482 604 232 mm
Eceabat 4 670 3 982 3 844 1 127 1 695 693 329 3 983 3 816 1 104 1 696 685 334 —m
Ezine 12 904 11 402 11 107 890 4 416 793 5 004 11 309 11 032 880 4 403 768 4 989 —