15. Ekim. 1961 Milletvekili ve Senato Üyesi Seçimi Sonuçları
(İl ve ilçeler itibariyle)
Milletvekilleri Senatörler
Seçmen
liste­ Partilerin aldığı oy sayısı Partilerin aldığı ov sayısı
sinde
İlk İlçeler yazılı Oy kulla­ Muteber Oy kulla­ Muteber
se l ç e m rin e n­ m na e n n l s e e r ç in ­ o t y u t s u a l y a ı n s ı ıo O m na e n n l s e e r ç in ­ o t y u t s u a l y a ı n s ı a. S
sayısı sayısı X W sayısı X
«S
O o ö d
0Q «
Gelibolu 15 200 12 617 12 224 1 060 5 945 1 269 3 953 12 617 12 115 1 070 5 840 1 281 3 923
İmroz 3 942 2 813 2 653 1 520 383 52 696 2 813 2 583 1 016 315 51 1 393
Lapseki 12 422 10 502 10 114 1 255 2 704 2 400 3 753 10 504 10 083 1 281 2 649 2 344 3 825
Yenice- 18 002 15 618 15 618 9 450 3 787 938 935 15 715 15 032 9 777 3 782 843 930
Toplam - Total 174 089 145 796 141 097 43 730 49 304 13 942 33 720 145 701 139 548 44 451 48 545 13 755 34 555
ÇANKIRI (Merkez) 26 574 21 363 20 336 1 601 5 193 13 484 58 21 384 19 926 1 606 000 13 320
Çerkeş 12 426 9 455 8 976 1 242 3 743 3 973 18 9 395 8 721 997 697 4 027
Eldivan 4 822 4 042 3 889 281 422 3 174 12 4 043 3 840 307 429 3 104
Eskipazar 10 342 8 198 7 692 679 2 014 4 982 17 8 194 7 328 593 817 4 918
İlgaz 13 742 11 407 10 808 954 1 643 8 204 7 11 408 10 689 928 575 8 186
Kurşunlu 14 879 12 143 11 427 3 949 2 757 4 717 4 12 146 11 279 3 695 853 4 731
Orta 9 914 8 025 7 591 1 968 1 150 4 463 10 8 025 7 393 1 845 074 4 474
Ovacık 6 700 4 762 4 529 773 1 098 2 634 24 4 734 4 440 756 171 2 513
Sabanözü 8 380 7 122 6 692 598 2 029 4 031 34 7 125 6 558 597 050 9 911
Yapraklı 9 755 8 405 8 077 696 861 6 504 16 8 407 8 047 714 846 6*487
Toplam - Total 117 552 94 922 90 017 12 741 20 910 56 166 200 94 860 88 221 12 038 20 512 55 671
ÇORUM (Merkez) 55 737 46 899 44 169 25 877 11 989 4 767 536 46 911 43 232 26 022 12 449 218
Alaca 26 130 20 900 19 916 5 189 7 617 6 780 218 20 930 19 501 4 558 8 610 537
Bayat 11 438 9 867 9 249 5 315 412 1 412 110 9 879 9 129 5 343 2 313 466
İskilip 28 526 23 689 22 160 13 994 594 3 423 149 23 776 22 070 14 114 4 426 483
Kargı 14 896 11 529 10 931 5 987 575 2 339 11 529 10 700 5 894 2 431 365
Mecitözü 16 234 14 220 13 276 6 015 364 2 867 30 14 200 12 968 5 780 4 380 224
Ortaköy 4 487 3 767 3 586 1 465 772 309 40 3 762 3 570 1 498 1 785 280
Osmancık 20 936 18 284 17 486 11 906 469 885 226 18 289 17 318 11 823 4 504 1 034
Sungurlu 35 654 31 505 30 078 14 155 10 771 4 720 432 31 515 29 761 14 010 10 692 5 244
Toplam - Total 214 038 180 657 170 821 89 903 50 563 27 502 741 180 791 168 249 89 042 51 590 30 851
DENİZLİ (Merkez) 42 626 35 531 34 129 18 918 13 473 807 684 247 35 562 33 914 20 013 13 896
Acıpayam 30 158 23 356 22 277 15 907 5 714 320 164 102 23 357 22 181 16 161 5 991
Buldan 11 746 10 361 9 994 4 921 4 780 175 74 44 10 361 9 974 5 083 4 889
Çan 31 080 24 339 23 268 11 988 10 589 373 277 41 24 346 23 233 12 309 10 881
Çameli 8 155 6 744 6 386 4 294 884 118 57 41 6 744 6 266 4 300 963
Çardak 7 463 5 899 5 709 3 317 992 238 99 51 5 898 5 652 3 538 124
Çivril 23 145 19 169 18 518 8 773 395 270 64 16 19 131 18 441 8 958 482
Güney 7 639 5 737 5 548 2 144 042 75 151 33 5 727 5 479 2 250 229
Kale 9 142 7 150 6 794 4 320 134 131 131 78 7 159 6 787 4 546 240
Sarayköy 15 775 13 551 13 080 6 157 419 180 276 48 13 549 13 032 6 433 601
Tava3 26 190 18 825 18 047 11 616 004 217 142 110 18 829 18 015 11 880 135
Toplam - Total 213 119 170 662 163 750 92 355 65 426 904 119 811 170 663 162 974 95 471 67 431
D. BAKIR (Mer.) 54 165 37 065 35 313 8 335 11 717 1 904 13 316 37 173 34 751 9 167 13 285 1 490 11 736
Bismil İ3 809 11 989 11 608 1 037 5 773 275 4 524 11 986 11 421 1 282 746 191 229
Çermik 12 227 9 573 9 181 864 3 610 242 465 9 560 9 037 682 747 199 442
Çınar 8 893 7 308 7 075 77! 3 492 139 673 7 312 6 784 610 150 114 531
Çüngüş 5 561 4 505 4 123 1 372 1 750 267 745 4 498 4 062 1 463 723 196 697
Dicle 9 671 7 458 7 041 1 602 2 150 507 787 7 460 6 936 1 679 212 336 747
Ergani 15 553 12 452 11 989 1 286 4 821 221 661 12 452 11 954 1 301 744 211 454
Hani 5 327 3 959 3 812 255 1 589 130 830 3 963 8 793 268 1 612 69 1 851
Hazro 5 415 4 687 4 520 608 810 129 973 4 687 4 152 594 812 119 2 850
Kulp 10 106 7 972 7 759 1 828 1 891 355 687 7 973 7 630 1 638 2 040 276 3 794
Lice 12 648 8 982 8 701 1 020 1 594 1 738 327 8 992 8 558 988 1 465 597 5 966
Silvan 13 262 10 891 10 531 4 423 660 424 024 10 900 10 425 4 413 916 385 4 789
Toplam - Total 166 637 126 841 121 653 23 401 39 857 6 331 52 012 126 956 119 503 24 085 42 452 4 183 51 086
EDİRNE (Merkez) 32 606 27 507 26 440 12 789 8 765 2 400 270 210 27 511 26 324 13 080 8 967 2 135 1 958
Enez 5 000 4 448 4 222 168 061 429 455 109 4 446 4 237 2 180 142 418 435
Havsa 11 769 10 286 9 833 917 792 1 051 007 66 10 287 9 799 4 974 869 993 883
İpsala 11 449 9 636 9 304 290 020 1 608 275 111 9 635 9 217 1 216 215 1 406 3 260
Keşan 22 891 19 626 18 936 304 102 1655 761 114 19 634 18 800 2 403 331 1 514 5 368
Lalapaşa 6 377 5 710 5 473 066 920 280 173 34 5 711 5 492 3 129 969 208 148
Meriç 9 975 8 254 7 896 912 382 | 141 414 47 8 215 7 806 893 316 944 2 559
Uzunköprü 34 016 29 560 28 561 1 629 12 509 2 6|2 691 120 29 562 28 329 1 563 12 728 2 184 11 618
Toplam - Total 134 103 115 017 110 665 29 075 42 551 046 811 115 001 110 004 29 438 43 537 9 802 26 229