15. Ekim. 1961 Milletvekili ve Senato Üyesi Seçimi Sonuçları
(îl ve ilçeler itibariyle)
Milletvekilleri Senatörler
Seçmen
liste­
sinde Partilerin aldığı oy sayısı Partilerin aldığı ov sayısı
İller ve İlçeler s s e y l ç a e a m y r z i ı ı n e s l ı ı n ­ O m n y a s e n a n k y l u s e ıs e r l ı l ç i n a ­ ­ o M t y u u t s t u a e l y b a ı e n s r ı ö O d H" M OH ' E O H H ' ' f S ( « A i 5 > O . O m n y a e s n a n k y l s u e ıs e r l ı l ç i n a ­ ­ o M t y u u t s t u a e l b y a ı n e s r ı OH' O X H O M H ' OH' 1*
ü O < Ü
ELÂZIĞ (Merkez) 51 848 36 566 34 622 15 343 11 475 7 847 216 36 685 34 266 15 236 065 9 673 213
Ağuı 3 701 2 956 2 820 1 393 1 125 290 _ 2 961 2 784 409 130 303
Baskil 8 654 6 550 6 231 3 201 1 905 1 123 mmm 6 539 6 179 234 936 1 240
Karakocan 11 698 8 839 8 441 2 876 3 534 1 831 209 8 853 8 351 733 343 1 995 233
Keban 3 474 3 123 3 028 1 527 1 270 231 _ 3 122 2 998 518 138 334
Maden 12 452 9 961 9 478 3 995 4 351 1 119 9 963 9 375 737 006 1 801
Palu 21 162 15 500 14 721 5 503 4 419 4 651 148 15 495 14 553 470 270 4 592 177
Sivrice 7 814 5 913 5 527 2 071 1 938 1 518 5 914 5 470 956 928 1 660
Toplam - Total • 121 303 89 408 84 868 35 909 30 017 18 610 573 — 89 532 83 976 35 293 036 21 600 623
ERZİNCAN (Mer.) 35 400 28 434 27 520 1 688 12 616 490 12 476 250 28 438 26 770 1 056 10 298 15 416
Çayırlı 11 158 9 444 9 241 206 3 870 156 5 005 4 9 495 9 116 223 611 282
İliç 7 082 6 190 6 037 418 2 651 137 2 831 6 190 5 900 309 749 642
Kemah 10 002 8 463 8 248 649 4 732 311 2 554 2 8 463 8 181 402 767 012
Kemaliye 8 770 7 318 7 165 105 3 618 155 3 187 7 317 7 120 2 865 253
Refahiye 15 529 12 311 12 132 368 6 193 272 5 185 114 12 303 11 865 310 228 327
Tercan 13 792 11 306 11 043 359 5 758 127 4 795 4 İl 313 10 909 310 938 661
Toplam - Total 101 733 83 466 81 386 3 893 39 438 1 648 36 033 374 83 519 79 861 2 612 35 456 793
ERZURUM (Mer.) 59 560 46 304 45 173 4 768 13 495 10 129 16 410 371 46 627 45 108 4 466 14 624 901 15 801
Aşkale 15 852 13 108 12 654 674 4 727 2 690 4 521 42 13 108 !2 540 684 4 864 622 4 366
Çat 6 913 5 895 5 781 245 1 933 2 760 812 31 5 886 5 725 231 1 972 763 799
T O T O P H İ K N H s o a e l l a a o m p t u k r s r r r u i r t i ı m r a a m s n u s y m a l a a a e n n n r z ı 2 1 1 1 1 8 8 5 6 3 9 9 4 8 6 2 8 9 9 8 0 1 3 4 4 6 0 2 2 8 5 rj , 5 1 7 5 8 5 2 0 'J 1 1 1 1 1 7 0 8 8 6 8 4 4 2 3 7 6 7 0 2 3 1 8 1 2 3 2 2 7 7 0 7 5 1 4 1 5 7 6 4 2 1 1 1 1 1 7 6 7 0 8 3 2 8 3 9 5 0 9 3 7 2 7 1 1 6 7 9 0 7 6 1 2 7 7 4 7 0 7 4 9 3 1 1 8 2 3 7 2 2 3 5 5 3 5 3 5 1 9 6 5 7 7 7 3 8 4 6 2 4 9 2 5 3 5 2 2 1 4 9 3 0 0 2 3 9 8 2 1 4 5 7 3 5 7 9 9 9 6 4 9 0 1 4 9 2 3 4 2 1 6 3 5 0 9 8 9 3 8 6 4 8 6 7 6 8 5 1 8 5 7 2 6 3 4 0 9 4 9 3 6 8 5 3 5 1 2 7 6 8 9 6 5 9 5 4 0 1 0 7 1 1 4 0 5 1 9 9 1 3 8 7 7 1 1 4 3 3 5 3 7 5 6 8 3 7 6 4 9 9 0 5 0 1 1 1 1 1 7 8 8 6 8 0 4 2 4 7 3 2 0 6 1 8 7 3 2 7 1 7 2 2 2 7 4 5 7 3 6 1 8 7 3 6 1 1 1 1 1 7 6 3 2 7 0 3 8 7 8 9 4 5 0 0 6 1 6 6 7 1 6 3 8 5 2 3 8 7 3 9 6 3 2 7 9 1 1 4 2 5 9 2 5 5 7 1 6 5 9 3 1 3 7 3 9 1 6 0 2 4 8 8 5 9 5 3 3 5 2 2 1 t 1 2 4 2 5 5 5 1 5 0 0 6 8 3 7 5 4 7 1 7 6 1 7 6 8 4 6 2 3 2 1 2 0 0 4 8 8 7 8 3 8 0 1 7 0 5 7 5 3 9 9 5 8 7 4 6 9 6 6 3 8 4 3 1 4 0 7 4 8 3 2 6 7 9 0 6 7 8 7 2 0 6 4 3 0 5 3 4
Şenkaya 19 1.76 14 361 14 004 1 391 2 768 1 364 8 412 69 14 374 13 810 1 311 3 089 1 238 8 082
Toplam - Total 15 685 12 692 12 450 480 5 804 665 5 383 118 12 692 12 296 413 6 119 470 5 292
242 181 193 405 188 800 13 748 53 008 35 262 85 468 1 314 193 773 186 843 13 608 57 025 33 417 82 287
ESKİ M S S T Ç M S Ş o i a e i i a v E f p h y r t h r ı H i e l a i c t m a l h l g a İ e m ı R i u ç a k r s ç z d a a - i ı ( r y i k M y a T e e o r ta .) l 1 9 2 7 1 1 9 4 6 7 3 8 9 5 8 2 4 6 2 6 8 3 7 5 5 4 9 1 2 3 6 3 1 9 6 6 4 3 1 2 5 8 1 1 0 2 4 1 4 5 6 7 9 2 4 5 7 7 9 8 4 4 6 8 5 4 1 4 3 9 6 1 3 7 2 7 1 8 2 4 1 1 1 0 7 6 4 5 6 0 0 4 2 8 5 4 1 7 7 5 5 7 1 8 2 1 8 1 4 8 4 8 8 1 2 5 4 9 4 4 3 9 1 1 7 8 6 0 5 6 4 6 4 4 7 9 0 7 4 9 6 1 7 3 5 7 9 4 5 2 1 8 7 5 2 3 2 1 6 9 0 6 4 3 5 6 2 1 8 2 7 5 1 6 7 1 6 4 6 1 8 1 2 3 5 6 2 2 1 1 1 1 7 9 1 1 0 9 2 1 1 7 7 7 1 6 1 2 1 1 4 8 1 4 2 1 2 1 3 6 3 3 2 1 1 1 2 4 1 0 1 7 2 8 0 0 8 0 4 7 9 2 1 7 2 1 1 1 6 3 3 5 3 0 0 2 6 0 8 2 1 3 7 7 1 8 2 5 1 1 4 0 4 7 2 5 6 1 9 7 5 2 7 8 4 9 5 6 8 8 1 6 4 4 7 4 7 4 1 9 7 9 1 8 4 1 1 1 0 4 7 4 9 5 5 0 5 7 8 7 9 6 4 4 2 9 4 6 8 4 8 7 5 1 1 5 2 1 2 6 2 5 4 5 9 6 7 2 6 5 6 9 5 9 1 4 3 6 0 7 5 0 1 5 0 5 9 5 0 5 6 0 6 2 1 1 2 1 2 6 5 7 9 9 5 9 5 0 9 0 2 0 2 3 5 5 1 0 1 0 0 2 9 2 6 6 1 9 3 7 2 1 6 1 6 8 0 4 4 2 9 2 1 7 3 5 2 2 1 1 1 0 7 9 5 6 2 2 4 1 1 9 9 9 5 4 0
G. AN A İ K N Y T O s T o a i r i ğ l l z a p v a E u i i s u b h l p P z a a z e i m y n e l ( i e l M i - e T r o .) t al 1 3 8 3 9 1 1 0 7 0 1 5 3 5 9 0 8 3 7 2 1 4 5 6 7 8 6 2 8 6 9 3 5 5 9 6 8 5 9 1 2 2 7 6 1 1 5 6 2 5 3 7 1 5 8 9 9 6 1 1 0 1 6 5 5 0 6 7 0 7 0 9 0 6 4 9 4 8 1 6 2 2 5 1 1 9 4 5 6 4 5 1 6 9 1 5 5 4 2 0 8 9 0 4 5 5 2 8 4 5 7 6 2 6 9 9 0 4 2 6 3 2 8 9 1 0 9 7 0 1 7 3 1 6 0 2 1 1 9 1 9 6 9 5 2 8 9 0 3 3 7 1 5 3 7 9 6 2 2 0 7 7 0 1 2 9 4 2 6 4 5 0 1 8 4 1 6 7 9 5 9 2 2 2 4 2 3 0 4 6 7 1 1 1 1 0 6 9 3 0 5 5 0 9 2 3 6 1 8 7 3 1 2 8 2 5 3 1 1 7 0 5 5 2 2 6 5 7 4 0 2 3 7 8 1 6 1 9 0 2 0 9 5 — 1 7 2 2 6 1 1 2 5 6 3 5 5 7 1 8 9 9 0 6 1 0 1 5 5 9 8 4 8 8 0 8 8 8 8 2 6 0 4 1 2 2 6 5 1 1 4 5 8 4 5 1 5 6 8 3 1 8 8 3 0 1 3 6 1 7 2 6 6 8 6 9 1 3 3 3 5 2 2 4 1 3 8 8 2 1 l 0 5 1 9 1 7 3 1 9 0 8 9 1 9 1 6 8 1 2 4 2 1 8 8 7 3 1 3 5 2 7 8 6 0 2 2 3 7 2 4 2 9 4 9 4 3 5 2 5 0 6 8 4 8 7 5 4 3 9 2 1 8 4 5 4 1 7 0 8 9 9 6 4 2 4 5 6 0 1 9 7 2 3 1 7 9 3 2 3 1 1 5 5 4 6 2 5 7 3 3 5 2 8 5 9 3 3 0 2 0 4 2 3 6 3
GİRESUN (Mer.) 30 700 24 058 22 896 1 527 7 075 9 724 4 705 _ 24 056 22 682 325 6 598 10 182 463
Alucra 21 302 13 105 12 527 438 3 834 1 450 6 805 13 107 12 434 363 3 837 662 555
Bulancak 26 691 21 930 21 006 261 8 912 1 899 9 934 21 906 20 828 209 8 400 824 506
Dereli 13 136 10 307 9 623 227 2 224 3 826 3 346 10 310 9 578 161 2 454 773 154
Espiye 16 469 14 086 13 401 411 4 279 3 745 4 966 6 14 147 13 273 960 4 179 713 550
Eynesii 6 643 5 247 5 051 53 2 009 739 2 221 5 248 5 059 65 2 039 780 149
Görele 24 464 17 001 16 348 232 6 931 3 246 9 923 17 022 16 304 261 6 985 128 814
Keşap 13 913 11 925 11 306 219 3 956 4 944 2 274 , 11 925 11 317 207 3 84? 223 073
S- Karahisar 12 706 9 882 9 490 331 3 142 664 5 351 6 9 906 9 313 253 3 658 501 253
Tirebolu 20 330 17 081 16 519 161 5 800 2 202 8 471 1 16 597 15 974 430 5 965 871 8 013
Top) am - Total 186 354 144 622 138 227 3 860 48 162 32 439 53 996 13 144 224 136 762 234 47 958 33 657 51 530