15. Ekim. 1961 Milletvekili ve Senato Üyesi Seçimi Sonuçlan
(İl ve İlçeler itibariyle)
Milletvekilleri Senatörler
SSeeççmmeenn
lliissttee­­ Partilerin aldığı oy sayısı
ssiinnddee
İİlllleerr vvee İİllççeelleerr yyaazzııllıı Oy kulla­ Muteber
sseeççmmeenn­­ nan seç­ tutulan lleerriinn menlerin
oy sayısı ssaayyııssıı sayısı
nıralzısmığaB
ısıyas
yo
ığıdla
Partilerin aldığı ov sayısı
Oy kulla­ Muteber
nan seç­ tutulan menlerin
oy sayısı sayısı
nıralzısmığaB
ısıyas
yo
ığıdla
Seçmen
liste­
sinde
İller ve İlçeler yazılı Oy kulla­ Muteber
seçmen­ nan seç­ tutulan lerin menlerin
oy sayısı sayısı sayısı CM'
<
1
.P
.H
.C
.P
.M
.K
.C
.P
.T
.Y
nıralzısmığaB
ısıyas
yo
ığıdla
Oy kulla­ Muteber
nan seç­ tutulan menlerin
oy sayısı sayısı C-T
<
.P
.H
.C
S
cj
.P
.T
.Y
nıralzısmığaB
ısıyas
yo
ığıdla
GÜMÜŞANE (M.) 19 430 14 369 13 858 3 917 5 010 4 931 14 375 13 782 2 705 4 857 6 220
Bayburt 45 579 35 518 34 138 16 248 12 232 — 5 617 — 35 507 33 728 15 263 12 017 — 6 448 —
Kelkit 23 130 19 319 18 826 1 362 7 888 — 9 576 — 19 314 18 663 1 324 7 775 — 9 564 —
Şiran 14 080 10 959 10 645 564 5 071 — 5 010 — 10 961 10 632 533 5 227 — 4 872 —
Torul 14 213 9 466 9 301 1 134 2 583 — 5 580 — 9 469 9 228 798 2 589 — 5 841 —
Toplam - , 116 432 89 631 86 768 23 225 32 784 30 714 — 89 626 86 033 20 623 32 465 mmm 32 945
HAKÂRİ (Mer.) 5 690 4 049 4 005 308 1 946 758 993 4 049 3 981 280 1 652 924 1 125
Beytüşşebab 4 626 3 941 3 932 118 208 — 588 3 018 3 934 3 896 129 138 — 2 574 1 055
Çukurca 3 110 2 713 2 686 100 2 050 — 436 100 2 713 2 667 121 2 026 — 414 106
Şemdinli 2 751 2 483 2 481 24 1 037 — 1 396 24 2 483 2 481 30 803 — 1 531 117
Uludere 4 153 3 300 3 251 59 755 — 114 2 323 3 303 3 243 137 688 — 155 2 263
Yüksekova 6 046 5 131 5 075 58 2 850 — 2 134 33 5 127 5 031 45 2 670 — 2 086 230
Toplam >l.:l 26 376 21 617 21 430 667 8 846 5 426 6 491 21 609 21 299 742 7 977 7 684 4 896
HATAY (Merkez) 47 926 37 917 36 475 1 283 11 697 588 21 025 1 882 37 917 35 116 4 338 11 765 720 20 681
Altınözü 16 123 12 725 12 309 413 5 665 543 5 566 123 12 746 12 218 397 5 834 521 6 215 —
Dörtyol 16 799 14 912 14 499 7 370 5 848 1 126 112 43 14 911 14 482 7 396 5 829 1 004 576 —
Hassa 8 798 7 422 7 182 3 330 1 647 751 1 433 15 7 424 7 133 2 563 1 583 705 2 208 —
İskenderun 41 157 32 786 31 132 13 599 11 580 1 035 2 164 2 689 32 777 30 460 15 926 10 878 1 023 2 799 —
Kırıkhan 15 732 12 685 12 216 3 074 7 082 349 1 657 54 12 672 12 095 2 839 7 007 314 1 586 —
Reyhanlı 12 385 9 941 9 590 937 5 567 366 2 500 57 9 939 9 344 936 5 460 337 2 308 —
Samandağı 19 118 15 457 15 040 932 2 327 87 11 654 42 15 439 14 860 716 2 268 581 11 381 —
Yayladağı 8 858 7 668 7 382 650 2 866 300 3 586 15 7 667 7 336 420 2 694 264 3 923 —
Toplam - ' • X 186 896 151 513 145 825 31 588 54 279 5 145 49 697 4 920 151 492 143 044 35 531 53 318 5 4 9 51 677 |
_
x
İSPARTA (Mer.) 24 517 20 167 19 495 14 047 4 971 477 20 172 19 545 14 119 4 789 342 140
Atabey 3 558 3 066 2 960 1 840 949 — 171 — 3 066 2 883 1 898 923 — 44 18
Eğridir 14 947 12 76J 12 202 6 816 5 039 — 347 — 12 764 12 104 7 122 4 697 — 238 47
Gelendost 7 201 6 161 5 899 3 277 2 188 — 432 — 6 161 5 863 3 320 2 207 — 330 16
Keçiborlu 9 088 8 107 7 788 4 648 2 856 — 284 — 8 108 7 741 4 662 2 834 — 203 42
Senirkent 8 432 6 879 6 564 4 487 1 371 — 706 — 6 878 6 399 4 504 1 705 — 140 50
Sütçüler 7 905 6 195 5 926 4 069 1 554 — 303 — 6 195 5 851 '4 087 1 483 — 208 73
Ş. Karaağaç 12 039 10 137 9 600 4 903 3 825 — 872 — 10 136 9 287 4 900 3 781 — 532 74
Uluborlu 3 696 2 605 2 496 983 1 430 — 83 — 2 606 2 452 954 1 415 — 58 23
Yalvaç 22 459 18 156 17 470 1 085 6 174 — 10 211 — 18 164 17 053 1 515 6 322 — 9 184 32
Toplam - - 113 842 9i 234 90 400 46 155 30 357 — 13 886 94 250 89 178 47 081 30 156 11 279 517
İÇEL (Merkez) 54 676 44 782 43 648 23 004 19 087 1 532 44 809 43 374 23 136 19 075 1 129
Anamur 16 382 13 096 12 435 7 266 4 879 287 — — 13 096 12 336 7 381 4 081 157 — —
Erdemli 16 013 14 018 13 546 9 993 3 340 312 — mmi 14 020 13 483 9 886 330 293 — —
Gülnar 15 757 13 132 12 599 6 640 5 741 220 — — 13 101 12 482 6 019 6 244 187 — —
Mut 15 414 13 535 13 136 6 341 6 515 280 • mm. — 13 532 13 027 6 339 6 442 248 — —
Silifke 23 692 19 965 19 354 11 635 7 222 497 — — 19 964 19 209 11 677 7 233 390 — —
Tarsus 57 890 50 757 49 078 26 024 20 708 2 329 — — 50 757 48 893 26 044 20 361 2 154 — —
Toplam - 1 199 824 169 285 163 196 90 903 67 483 5 457 169 279 162 804 90 542 67 486 4 558 — mmm
İSTANBUL (Mer.)
Adalar 7 733 5 258 5 149 2 171 2 286 292 152 248 5 260 5 128 2 238 2 341 305 161 86
Bakırköy 49 451 36 804 36 151 15 901 14 239 3 153 1 119 1 739 36 805 36 055 16 882 14 548 3 313 1 465 —
Beşiktaş 50 656 37 697 37 066 13 354 17 180 3 506 1 387 1 639 37 736 36 887 14 078 17 424 3 479 1 500 461
Beykoz 29 141 23 717 23 092 9 090 7 235 5 569 306 892 23 730 23 017 9 387 7 332 5 584 415 310
Beyoğlu 114 854 80 006 78 272 36 011 26 733 8 386 2 945 4 197 80 021 77 699 37 494 27 694 8 532 3 039 886
Eminönü 71 110 52 087 51 260 18 962 23 060 4 962 1 686 2 590 51 993 50 968 20 299 23 776 5 112 2 022 —
Eyüp 85 486 63 924 62 115 26 513 16 096 13 950 1 996 3 560 63 951 61 744 27 770 16 629 14 348 2 610 —
Fatih 165 851 126 229 122 914 49 849 48 659 15 851 4 569 3 986 125 978 122 467 52 393 49 845 16 146 4 335 —
Kadıköy 73 539 51 550 50 865 16 462 25 892 3 902 2 340 2 269 51 666 50 726 17 314 26 612 3 935 2 002 775
Sarıyer 25 649 19 413 19 039 7 495 8 627 1 953 389 575 19 430 18 980 7 652 8 646 1 939 515 211
Şişli 94 478 65 166 63 910 28 920 22 940 6 579 2 958 2 513 65 193 63 830 29 633 23 766 6 750 3 216 317
Üsküdar 61 802 45 455 45 522 16 975 19 082 4 711 1 328 2 426 45 347 44 280 17 657 19 727 4 559 1 443 676
Zeytinburnu 41 379 33 353 32 387 15 215 8 988 5 080 655 2 449 33 375 32 298 16 416 9 404 5 402 1 041 —
Çatalca 25 874 22 183 21 595 12 236 7 147 \ 445 350 417 22 186 21 485 12 531 7 102 1 355 478 —
Kartal 34 809 26 142 25 718 11 254 10 244 2 605 572 1 043 26 147 25 551 11 505 10 405 2 620 620 297