15. Ekim. 1961 Milletvekili ve Senato Üyesi Seçimi Sonuçları
(İl ve İlçeler itibariyle)
Milletvekilleri Senatörler
SSeeççmmeenn
lliissttee­­ Partilerin aldığı oy sayısı
ssiinnddee
İİlllleerr vvee ttllcceelleerr yyaazzııllıı Oy kulla­ Muteber
sseeççmmeenn­­ nan seç­ tutulan lleerriinn menlerin
oy sayısı ssaayyııssıı sayısı
nnalzısmığaB
ısıyas
yo
ığıdla
Partilerin aldığı ov sayısı
Oy kulla­ Muteber
nan seç­ tutulan menlerin
oy sayısı sayısı
nnalzısmığaB
ısıyas
yo
ığıdla
Seçmen
liste­
sinde
İller ve tlceler yazılı Oy kulla­ Muteber
seçmen­ nan seç­ tutulan lerin menlerin
oy sayısı sayısı sayısı ol
<
.P
.H
.C
.P
.M
.K
.C
.P
.T
.Y
nnalzısmığaB
ısıyas
yo
ığıdla
Oy kulla­ Muteber
nan seç­ tutulan menlerin
oy sayısı sayısı ti
<
.P
.H
.C
.P
.M
.K
.C
.P
.T
.Y
nnalzısmığaB
ısıyas
yo
ığıdla
Silivri 17 443 14 811 14 520 7 021 6 312 703 268 216 14 812 14 378 7 079 6 302 718 283
Şile 9 840 7 901 7 681 4 372 1 352 1 619 169 169 7 898 7 671 4 518 1 373 1 562 159 64
Yalova 16 327 14 006 13 617 4 767 4 848 3 430 284 288 14 011 13 581 4 898 4 827 3 435 297 113
Toplanı - 975 422 725 702 709 873 296 568 270 920 87 696 23 473 31 216 725 539 706 735 309744 277753 89 094 25 601 4 196
İZMİR (Merkez) 206 270 160 626 156 244 89 528 55 499 6 472 2 749 1 996 160 622 155 443 90 116 56 327 6 520 2 432
Bayındır 20 391 17 314 16 892 9 744 6 578 347 163 60 17 313 16 852 9 782 6 588 316 161 —
Bergama 38 688 33 829 32 888 20 344 11 066 678 561 240 33 829 32 793 20 576 11 211 558 448 —
Bornova 22 977 18 929 18 321 10 594 6 513 696 284 235 18 935 18 156 10 644 6 633 654 221 —
Çeşme 5 297 4 539 4 474 2 015 2 368 45 35 1 4 538 4 458 2 015 2 368 40 33 —
Dikili 8 415 7 397 7 238 4 308 2 695 144 63 24 7 399 7 218 4 321 2 675 134 88 —
Foça 5 487 4 789 4 683 2 600 1 975 38 56 14 4 789 4 674 2 626 1 959 32 57 —
Karaburun 4 195 3 642 3 595 1 852 1 614 77 38 14 3 642 3 579 1 875 1 602 68 34 —
Karşıyaka 42 515 33 708 33 022 17 484 13 431 1 170 580 357 33 762 32 768 17 639 13 442 1 107 574 —
Kemalpaşa 17 901 15 980 15 679 7 999 7 274 252 101 51 15 990 15 672 8 065 7 256 142 108 —
Kınık 10 408 8 987 8 662 5 023 2 666 638 245 93 8 991 8 607 5 147 2 750 532 178 —
Kiraz 14 317 12 472 12 171 6 416 4 984 449 258 64 12 509 12 114 6 509 5 041 394 170 —
Menemen 26 897 22 178 21 681 12 660 8 014 563 250 154 22 185 21 593 12 738 8 041 542 272 —
ödemiş 54 422 46 273 45 237 19 523 24 210 917 443 139 46 279 45 021 19 505 24 332 879 398 —
Seferihisar 5 343 4 438 4 378 1 626 2 648 • 84 16 4 4 437 4 357 1 625 2 625 80 27 —
Selçuk 6 509 5 800 5 695 2 741 2 815 56 63 20 5 805 5 686 2 749 2 831 44 62 —
Tire 29 566 25 411 24 858 14 815 9 209 551 218 65 25 417 24 820 14 857 9 291 501 164 —
Torbalı 17 938 16 165 15 767 8 134 7 275 148 138 72 16 178 15 764 8 132 7 324 167 138 —
Urla 9 800 8 271 7 781 4 347 3 180 131 87 34 8 271 7 781 4 376 3 212 119 63 —
Toplam - 547 336 450 748 439 266 241 753 174 014 13 456 6 388 3 409 450 891 437 356 243297 175508 12 829 5 628
KARS (Merkez) 24 554 18 435 17 624 3 242 9 135 5 248 18 434 17 338 3 476 9 388 5 594 mm
Aralık 4 075 3 042 2 925 401 1 492 1 024 — 3 043 2 918 738 1 517 — 943 —
Ardahan 20 272 16 863 16 445 2 651 9 810 — 3 984 — 16 833 16 215 2 422 10 228 — 3 539 —
Arpaçay 25 672 19 359 18 517 6 587 8 843 — 3 094 — 19 382 18 314 5 839 9 896 — 4 372 —
Çıldır 12 589 10 822 10 410 1 924 5 604 3 065 — 10 825 10 248 1 756 5 633 — 2 930 —
Digor 7 174 6 113 5 959 348 1 796 — 3 815 — 6 119 5 947 1 467 1 530 — 3 760 —
Göle 17 293 14 573 14 209 1 181 7 157 — 5 869 — 14 567 14 026 631 8 240 — 5 166 —
Hanak 12 923 11 306 11 118 1 316 6 004 — 3 798 — 11 289 10 882 1 132 6 510 — 3 240 —
İğdır 19 677 16 133 15 351 4 905 6 560 — 3 929 — 16 033 15 147 6-881 6 872 — 3 145 —
Kağızman 13 577 10 815 10 518 590 4 825 — 5 121 — 10 826 10 411 1 451 4 829 — 4 749 —
Posof 12 086 10 123 9 801 4 030 4 380 — 1 393 — 10 116 9 708 3 466 5 267 — 971 —
Sarıkamış 19 373 15 786 15 296 4 413 5 574 — 5 309 — 15 781 15 154 4 165 6 020 — 5 042 —
Selim 12 621 10 211 9 927 669 4 536 — 4 726 — 10 211 9 796 942 4 779 — 4 384 —
Susuz 10 477 8 079 7 783 1 248 5 702 — 1 841 — 8 078 7 637 1 102 4 765 — 1 638 —
Tuzluca 10 196 8 404 8 147 4 610 2 388 — 1 149 — 8 412 8 180 6 012 1 907 — 1 000 —
Toplam - 222 559 180 064 174 030 38 115 83 806 —- 53 365 — 179 949 171 921 41 483 87 381 50 473 "~—"
KASTAMONU (M.) 35 884 28 903 28 107 1 676 9 096 9 086 8 249 28 900 27 962 1 541 8 720 8 704 8 746
Araç 24 123 20 072 19 644 1 641 6 537 4 063 7 403 — 20 062 19 273 1 588 6 457 3 340 7 840 —
Azdavay 15 517 12 480 12 236 1 306 3 930 3 058 3 942 — 12 616 11 888 1 339 3 659 2 726 4 164 —
Bozkurt 9 277 7 109 6 805 1 861 1 385 1 502 2 057 — 7 113 6 711 1 841 1 362 1 433 2 071 —
Cide 20 553 16 132 15 572 2 744 4 453 2 625 5 750 — 16 120 15 313 2 637 4 186 2 494 5 997 —
Çatal zeytin 7 551 5 743 5 463 1 013 1 599 2 067 784 — 5 743 5 362 963 1 597 1 963 838 —
Daday 10 478 8 562 8 255 436 3 613 1 338 2 868 — 8 560 8 025 380 3 584 1 323 t 838 —
Devrekani 12 774 10 252 9 925 563 3 845 1 596 3 921 — 10 250 9 675 539 3 568 1 542 4 148 —
İnebolu 19 544 15 772 10 174 1 687 2 962 3 596 6 929 — 15 770 15 037 1 553 2 920 3 628 6 937 —
Küre 10 664 8 046 7 816 644 2 502 1 395 3 275 — 8 045 7 683 647 2 471 1 261 3 304 —
Taşköprü 30 074 25 837 25 266 1 214 9 477 1 533 13 042 — 25 865 25 077 1 100 9 111 1 396 13 475 —
Tosya 23 769 19 597 19 081 1 340 3 732 12 326 1 683 — 19 607 19 074 1 413 4 148 11 781 1 906 —
Toplam - 220 208 178 505 173 344 16 125 53 131 44 185 59 903 178 651 170 836 15 541 51 783 41 591 62 264
KAYSERİ (Mer.) 89 611 72 417 69 141 36 332 26 396 4 102 1 244 846 72 305 68 112 37 494 26 616 3 922 l 268
Bünyan 21 135 17 182 16 241 3 76! 6 920 3 028 2 454 155 17 193 16 050 3 878 6 818 5 178 2 050 —
Develi 22 217 18 001 17 153 9 31* 6 802 992 115 134 18 101 17 031 9 531 6 587 781 797 —
Felahiye 7 792 6 189 5 934 28)1 2 333 471 127 87 6 193 5 714 2 838 2 305 452
İncesu 8 872 6 918 6 535 2 634 2 636 621 565 59 6 931 6 486 2 985 2 647 567 287 —
Pınarbaşı 22 108 19 076 18 455 3 313 8 847 3 247 2 808 62 19 076 18 051 4 032 8 335 3 143 2 884 —
Sanoğlan 7 624 6 657 6 269 2 673 2 791 460 847 51 6 666 6 203 2 832 2 776 407 211 —
Sarız 10 061 7 885 7 519 3 147 3 411 577 299 85 7 884 7 407 3 363 3 365 540 301
ı. ---•«•tan--