15. Ekim. 1961 Milletvekili ve Senato Üyesi Seçimi Sonuçları
(İl ve İlçeler itibariyle)
Milletvekilleri Senatörler
SSeeççmmeenn
lliissttee­­ Partilerin aldığı oy sayısı
ssiinnddee
İİlllleerr vvee İİllççeelleerr yyaazzııllıı Oy kına­ Muteber sseeççmmeenn­­ nan seç­ tutulan lleerriinn menlerin oy sayısı ssaayyııssıı sayısı
nıralzısmığaB
ısıyas
yo ığıdla
Seçmen
liste­ Partilerin aldığı ov sayısı
sinde
İller ve İlçeler yazılı Oy kına­ Muteber Oy kulla­ Muteber Ss seçmen­ nan seç­ tutulan nan seç­ tutulan İt s l a e y ri ı n s ı m s e a n y le ıs r ı i n oy sayısı cu m s e a n y le ıs r ı i n oy sayısı b
<
m «
.P .H
.C
.P .M .K
.C
.P .T
.Y
nıralzısmığaB
ısıyas
yo ığıdla Oy kulla­ Muteber nan seç­ tutulan menlerin oy sayısı sayısı CM'
<
.P .H
.C
CU M M
u
.P .T
.Y
Ss İt b
m «
Tomar za 14 449 12 062 11 478 5 797 5 283 186 110 81 12 062 11 332 5 816 5 255 224 107
YYYaaahhhyyyaaalllııı 10 101 9 294 8 873 5 163 3 397 165 108 40 9 205 8 723 5 245 3 387 122 85 —
YYYeeeşşşiiilllhhhiiisssaaarrr 7 494 6 932 6 721 2 712 3 789 122 65 33 6 936 6 712 2 783 3 790 95 54 —
TTToooppplllaaammm --- 221 514 182 613 174 316 77 751 72 405 13 971 8 242 1 633 182 552 171 821 80 797 71 881 1155 431 88 159
KIRKLARELİ (M.) 29 105 24 894 24 230 1 090 9 690 2 154 11 278 24 896 24 014 1 249 9 879 2 228 10 658
Babaeski 21 756 18 680 17 683 5 651 7 057 1 408 3 567 — 18 684 17 497 5 806 7 070 1 331- 3 290 —
DDeemmiirrkkööyy 3 618 3 163 3 063 89 1 132 311 1 526 — 3 162 3 062 79 1 175 315 1 493 —
KKooff ccaazz 3 147 2 853 2 754 122 1 082 321 1 229 — 2 854 2 738 137 1 089 331 1 181 —
Lüleburgaz 28 695 24 499 23 402 3 147 9 713 2 590 5 952 — 24 509 23 260 5 195 9 840 2 336 5 839 —
Pehlivanköy 3 733 3 424 3 295 349 1 316 269 1 361 — 3 426 3 250 331 1 322 270 1 327 —
Pınarhisar 11 302 9 491 9 207 1 054 3 988 634 3 531 — 9 488 9 149 1 148 4 038 592 3 371 —
Vize 14 933 12 652 12 268 272 4 670 538 6 796 — 12 620 12 222 392 4 675 572 6 583 —
Toplam - 116 290 99 616 95 902 13 774 38 653 8 225 35 240 — 99 639 95 192 14 337 39 088 7 975 33 742
_
KIRŞEHİR (Mer.) 29 054 23 169 22 204 1 973 5 088 15 143 23 144 21 784 3 344 3 731 14 709
Çiçekdağı 14 330 12 587 12 156 803 4 318 7 035 — — 12 637 11 817 768 3 553 7 496 — —
Kaman 27 219 149 21 111 3 162 4 877 13 072 — — 22 168 20 655 3 582 4 178 12 895 — —
Mucur 7 995 #? 057 6 728 653 1 755 4 310 — — 7 059 6 662 845 1 535 4 282 — —
Toplam - 78 598 64 962 62 199 6 591 16 048 39 560 — 65 008 60 918 8 539 12 997 39 382
KOCAEI t (Mer.) 67 128 33 835 51 736 22 175 17 866 10 192 1 503 53 842 51 417 22 410 17 846 10 117 1 454
Gebze 14 917 12 292 11 926 6 226 4 041 1 471 188 — 12 2Ö8 11 857 6 243 4 020 1 392 187 —
Gölcük 14 251 11 762 11 448 4 786 4 870 1 561 231 — 11 768 11 395 4 879 4 759 1 499 240 —
Kandıra 22 503 19 147 18 193 7 988 9 061 824 320 — 19 076 18 107 8 247 9 039 541 172 —
Karamürsel 14 055 11 360 10 990 5 949 3 572 1 257 212 — 11 363 10 950 6 047 3 546 1 185 79 —
KKaayynnaarrccaa 7 472 6 295 5 979 2 280 3 342 202 155 — 6 292 5 935 2 287 3 415 161 66 —
TTooppllaamm -- 140 326 114 691 110 272 49 404 42 752 15 507 2 609 -— 114 629 109 661 50 113 42 625 14 895 2 198 —
KKKKOOOONNNNYYYYAAAA ((((MMMMeeeerrrr....)))) 91 962 72 182 68 249 12 947 20 897 25 164 10 224 72 182 68 249 13 439 21 418 24 538 8 502
AAAAkkkkşşşşeeeehhhhiiiirrrr 30 784 24 089 23 324 9 412 11 376 1 892 644 — 24 102 23 152 9 367 11 275 1 798 505 —
BBBBeeeeyyyyşşşşeeeehhhhiiiirrrr 33 059 26 257 25 078 3 195 6 739 4 515 10 622 — 26 371 24 649 3 441 6 924 4 502* 9 594 —
BBBBoooozzzzkkkkıııırrrr 26 884 19 799 19 003 4 750 5 732 6 176 2 247 — 19 804 18 870 4 917 5 712 6 289 1 927 —
CCCCCiiiiihhhhhaaaaannnnnbbbbbeeeeeyyyyyllllliiiii 19 489 16 256 15 678 1 934 6 589 5 559 1 594 — 16 255 15 509 2 089 6 518 5 431 1 469 —
ÇÇÇÇÇuuuuummmmmrrrrraaaaa 25 499 21 343 20 534 7 582 6 328 4 325 2 299 — 21 323 20 413 7 507 6 446 4 278 2 086 —
DDDDDoooooğğğğğaaaaannnnnhhhhhiiiiisssssaaaaarrrrr 11 587 9 058 8 665 1 028 4 201 1 310 2 126 — 9 053 8 563 990 4 133 1 323 2 039 —
EEEEErrrrreeeeeğğğğğllllliiiii 33 158 28 756 27 739 14 147 9 410 3 364 818 — 28 785 27 423 13 671 9 523 3 277 1 451 —
EEEEErrrrrmmmmmeeeeennnnneeeeekkkkk 21 483 18 219 17 520 181 5 683 877 10 779 — 18 249 17 230 246 5 759 887 10 219 —
Hadım 16 007 13 197 12 796 4 438 4 881 3 395 149 — 13 201 12 744 4 442 4 672 3 293 144
UUggıınn 20 949 17 953 17 113 881 8 426 2 565 5 241 — 17 956 17 015 3 005 8 162 2 403 4 976 —
KKaaddıınnhhaannıı 12 123 9 853 9 425 1 154 3 258 2 301 2 712 — 9 853 9 393 1 233 3 249 2 309 2 627 —
Karaman 36 279 31 397 30 340 13 772 8 616 6 899 1 051 — 31 209 29 883 13 946 8 446 8 921 675 —
Karapınar 12 456 9 705 9 424 1 867 4 484 2 124 949 — 9 706 9 333 2 014 4 596 2 176 526 —
Kulu 12 461 11 001 10 638 443 4 285 5 147 759 — 11 231 10 781 506 4 328 5 235 703 —
SarayönU 6 683 5 743 5 579 940 1 913 1 443 1 283 — 5 743 5 553 972 1 901 1 415 1 290 —
Seydişehir 23 351 17 523 16 648 1 509 4 958 5 445 4 351 — 17 452 16 228 1 823 5 224 5 797 3 398 —
Yunak 14 082 11 005 10 529 918 2 988 5 860 762 — 11 011 10 477 1 056 3 011 5 911 495 —
Toplam - 448 299 363 336 348 252 81 098 120768 88 761 58 614 363 486 345 465 84 664 121297 87 783 52 626 —
KÜTAHYA (Mer.) 49 693 40 560 38 791 9 350 10 102 18 345 888 40 576 38 441 9 276 9 964 18 259 947
Altıntaş 14 778 12 633 12 012 1 952 3 400 6 295 365 — 12 641 11 638 1 837 3 231 6 335 — 303
Domaniç 7 700 6 708 6 374 3 988 1 799 468 121 — 6 708 6 368 4 013 1 805 463 — 86
Emet 26 251 20 539 19 580 4 878 5 497 8 907 418 — 20 648 19 270 4 597 5 861 8 578 — 444
Ged'z 28 571 24 154 22 863 4 174 7 037 11 314 338 24 261 24 130 4 100 6 497 10 417 — 1 647
Simav 32 303 25 136 23 771 13 399 6 506 3 494 372 — 25 149 23 385 13 372 6 272 3 430 — 422
Tavşanlı 29 451 24 377 23 318 12 415 5 836 4 332 735 — 24 407 23 175 12 480 5 925 4 266 — 465
Toplam - 188 747 154 107 146 709 50 156 40 177 53 155 3 237 154 390 146 407 49 675 39 555 51 748 4 314
MALATYA (Mer.) 61 258 49 057 47 777 2 040 34 981 9 393 7 363 49 137 47 141 1 836 34 705 3 140 7 381 1
Akçadağ 18 324 14 624 14 339 527 7 896 2 116 5 804 — 14 625 14 016 523 8 173 1 445 3 857 1
Arapkir 11 118 8 544 8 284 920 4 859 279 2 226 — 8 545 8 173 914 4 882 271 2 077 4
Artfuvan 9 109 7 366 7 128 334 3 821 207 2 769 — 7 349 7 064 334 3 912 201 2 568 —
Darende 15 827 11 461 11 096 900 6 647 463 3 086 11 457 11 004 762 6 671 434 3 122 —*
_ .
sn