15. Ekim. 1961 Milletvekili ve Senato Üyesi Seçimi Sonuçları
(İl ve tlceler itibariyle)
Milletvekilleri Senatörler
Seçmen
liste­ Partilerin aldığı oy sayısı Partilerin aldığı ov sayısı
sinde
İller ve İlçeler se y ç a m zı e lı n ­ O n y a n k u se ll ç a ­ ­ M tu u t t u e l b a e n r 1 >> O n y a n k u se ll ç a ­ ­ M tu u t t u e l b a e n r OH'
lerin menlerin oy sayısı OH* S »ı O menlerin oy sayısı OH* M OH'
sayısı sayısı X W M yut öd y 1^
ü ü ü ><
Doğanşehir 12 759 10 528 10 305 192 7 414 108 2 591 — 10 530 10 130 204 7 325 80 2 503 —
Hekimhan 18 935 14 133 13 832 222 8 328 147 5 135 — 14 133 13 644 253 8 149 150 5 200 —
Pötürge 18 351 12 539 12 427 219 9 310 362 2 536 — 12 535 12 315 220 9 222 337 2 498 1
Yeşilyurt 8 942 7 785 7 612 202 5 996 70 1 161 — 7 785 7 556 184 6 608 61 1 205 —
Toplam - 174 623 136 037 132 800 5 556 89 252 7 145 30 671 — 136 096 131 043 5 230 89 647 6 119 30 403 7
_
MANİSA (Merkez) 48 491 40 155 38 868 24 745 11 268 2 484 371 40 180 38 739 24 912 11 300 2 547
Akhisar 53 233 45 448 43 806 23 652 14 674 4 581 mm 899 45 341 43 522 23 780 14 882 4 858 — —
Alaşehir 24 378 21 064 20 573 10 509 9 368 696 — — 21 066 20 512 10 544 9 180 763 — —
Demirci 19 772 17 687 17 139 14 127 2 857 346 — — 17 688 17 311 14 067 2 873 358 — —
Gördez 17 189 15 081 14 724 9 908 3 661 1 122 — 33 15 082 14 666 9 902 3 679 1 087 — —
Kırkağaç 15 586 13 021 12 596 7 116 4 488 992 — — 13 024 12 563 7 090 4 554 921 — —
Kula 15 129 12 273 11 950 7 134 4 203 611 — — 12 275 11 939 7 158 4 219 562 — —
Salihli 35 716 30 541 29 889 17 005 11 893 991 — — 30 557 29 735 16 910 11 801 1 008 — —
Sarıgöl 10 879 9 379 9 085 4 457 4 259 369 — — 9 376 9 027 4 408 4 251 374 — —
Saruhanlı 23 276 19 623 18 947 10 942 6 113 1 888 — 4 19 633 18 850 10 845 6 136 1 873 — —
Selendi 9 057 7 305 7 107 4 970 l 753 384 — — 7 309 7 033 4 955 1 730 348 — —
Soma 18 920 15 481 14 565 8 653 4 675 1 541 — — 10 110 9 695 5 657 2 992 933 — —
Turgutlu 33 477 27 281 26 192 16 151 7 509 2 662 — — 27 282 26 173 16 102 7 395 2 637 — —
Toplam - 325 073 274 339 265 441 159369 86 721 18 677 — 1 307 268 923 259 765 156330 84 992 18 269 m•
MARAŞ (Merkez) 54 136 39 185 37 422 22 659 11 761 2 487 397 122 39 194 37 209 23 126 11 490 2 223 490 2
Afşin 19 714 15 218 14 240 7 764 4 872 1 142 253 274 15 143 13 917 7 951 4 616 943 728 4
Andırın 11 838 10 516 10 062 4 289 5 134 585 59 — 10 532 9 997 4 433 4 993 506 108 —
Elbistan 33 561 24 256 23 055 10 163 10 879 716 931 910 24 262 22 818 12 368 7 100 1 500 1 995 5
Göksün 14 421 11 559 11 005 5 681 3 658 1 339 228 116 11 663 10 827 5 736 3 827 1 027 281 4
Pazarcık 26 005 21 259 20 563 10 741 8 481 818 523 — 21 310 20 451 10 971 8 322 581 591 1
Türkoğlu 9 945 8 724 8 308 3 772 3 909 527 69 31 8 726 8 232 3 846 3 862 433 101 2
Toplam - 169 620 130 717 124 655 65 069 48 694 7 514 2 456 1 453 130 830 123 451 68 431 44 210 7 213 4 294 18
_ _
MARDİN (Merkez) 23 519 16 667 16 197 7 138 3 456 5 603 16 635 16 023 6 989 3 889 5 434
Cizre 5 294 3 886 3 764 — 1 406 1 282 1 076 — 3 889 3 721 — 1 363 1 310 1 049 —
Derik 10 274 7 845 7 705 — 2 471 1 490 3 744 — 7 852 7 632 — 2 243 1 440 3 731 —
Gercüş 16 059 13 800 13 749 — 7 634 1 438 4 677 — 13 740 13 676 — 7 410 1 511 4 696 —
İdil 7 990 7 157 7 027 — 2 242 3 470 1 315 mm 7 170 7 028 — 2 340 3 394 1 313 —
Kızıltepe 14 264 11 145 10 936 — 4 240 4 097 2 599 — 11 145 10 875 — 4 109 4 341 2 480 —
Mazıdağı 7 462 6 861 6 728 — 2 424 986 3 318 6 861 6 658 — 2 390 1 003 3 266 —
Midyat 27 263 21 024 20 738 — 7 524 5 683 7 531 21 039 20 652 — 7 388 5 652 7 502 —
Nusaybin 12 150 10 471 10 247 — 4 658 2 130 3 459 10 477 10 170 — 4 655 1 949 3 793 —
Ömerli 7 846 6 411 6 305 — 3 220 237 2 848 6 406 6 285 — 5 216 220 1 548 —
Savur 12 736 9 559 9 320 — 5 519 1 196 2 605 9 549 9 200 — 5 546 1 353 2 320 —
Silopi 5 149 4 633 4 567 — 2 258 157 2 152 4 633 4 517 — 2 172 152 2 191 —
Toplam - 150 006 119 459 117 283 — 50 734 25 622 40 927 119 396 116 437 — 51 821 26 214 39 323
MUĞLA (Merkez) 24 868 20 016 19 271 10 219 8 479 573 20 011 19 194 10 654 8 467 amm
Bodrum 13 365 11 228 10 903 7 463 3 116 324 — 11 231 10 803 7 707 7 706 — — —
Datça 3 413 3 029 2 963 1 952 1 002 9 — 3 006 2 938 1 943 995 — — —
Fethiye 32 565 25 171 23 993 16 557 6 741 704 — 25 170 23 829 16 101 6 607 — — —
Köyceğiz 14 898- r 11 650 11 172 6 247 4 750 175 — 11 659 11 052 6 388 4 654 — — —
Marmaris 6 351 5 272 5 071 2 692 2 256 123 — — 5 273 5 046 2 773 2 273 — — —
Milas 32 212 28 354 27 128 15 862 11 078 188 — — 28 356 26 999 16 151 10 928 — — —
Ula 7 631 6 047 5 826 2 455 3 247 124 — 6 047 5 780 2 551 3 216 — —
Yatağan 17 783 14 921 14 292 8 251 5 729 312 — 14 920 14 159 8 454 5 698 — mm —
Toplam - 153 088 125 688 120 619 71 698 46 398 2 532 — 125 673 119 800 72 732 50 544 — —• —
MUŞ (Merkez) 27 592 22 296 21 417 3 262 6 789 658 10 708 -». 22 256 21 011 6 186 5 002 9 823
Bulanık 15 591 12 672 12 244 5 076 2 875 537 3 756 12 667 11 832 4 490 3 083 mm 4 259 —
Malazgirt 10 729 8 950 8 535 1 252 1 271 189 5 823 9 004 8 359 1 649 1 182 5 528 —
Varto 12 149 10 850 10 549 1 189 5 595 890 2 875 10 846 10 149 1 579 5 109 3 461 —
Toplam - 66 061 54 768 52 745 10 779 16 530 2 274 23 162 ~ 54 773 51 351 13 904 14 376 —- 23 071 m
NEVŞEHİR (Mer.) 27 451 22 944 21 997 11 174 7 609 3 214 23 087 21 971 11 375 7 579 2 961 maaam 56
Avanos 12 476 10 594 10 109 2 460 2 940 4 709 — — 10 599 10 028 2 410 2 825 4 763 — 30
Derinkuyu 4 887 3 612 3 406 1 758 1 369 279 — — 3 616 3 406 1 794 1 343 241 — 28