15. Ekim. 1961 Milletvekili ve Senato Üyesi Seçimi Sonuçları
(Ü ve İlçeler itibariyle)
Milletvekilleri Senatörler
Seçmen
liste­ Partilerin aldığı oy sayısı Partilerin aldığı ov sayısı
sinde c I
İller ve İlçeler se y ç a m zı e lı n ­ O n y a n ku se ll ç a ­ ­ Muteber cü «$ O n y a n k s u e ll ç a ­ ­ Muteber OH'
lerin menlerin o t y u t s u a l y a ı n s ı İRÛ 3 9* m o menlerin o t y u t s u a l y a ı n s ı ti 9i
sayısı sayısı • sayısı X id
OH' tt EH" OH'
< ö O a 13 < u ö
Sasun 5 354 4 455 4 430 — 1 683 — 2 559 188 4 451 4 409 — 1 979 mm 2 430 mm
Şirnak 7 054 5 433 5 344 — 3 101 — 2 238 5 5 430 5 337 — 3 088 — 2 249
Şirvan 5 612 4 582 4 523 — 1 754 — 2 744 25 4 583 4 478 — 1 755 — 2 723
Toplam - 94 389 71 623 70 393 33 576 —— 35 879 938 71 610 69 781 33 009 36 772 —
SİNOP (Merkez) 16 194 13 173 12 266 3 062 6 606 2 598 13 175 12 031 2 582 6 622 2 827 wmm
Ayancık 20 786 14 445 15 548 4 364 6 194 4 990 — — 16 439 15 400 3 944 6 658 4 798 — —
Boyabat 29 139 24 307 22 892 3 153 6 436 13 303 — — 24 260 22 512 2 446 6 800 13 266 —
Durağan 11 053 9 809 9 309 1 564 2 480 5 265 — — 9 806 9 227 1 321 2 790 5 116 mm mm
Erfelek 10 932 8 437 7 838 2 565 3 450 1 823 — mm 8 432 7 669 2 288 3 686 1 695 mm mm
Gerze 23 818 19 991 18 810 7 893 8 034 2 883 — — 19 998 18 628 7 436 8 541 2 651 mm mm
Türkeli 9 489 6 726 6 325 1 787 1 412 3 126 — — 6 724 6 311 1 611 1 571 3 129 mm
Toplam - 120 468 98 892 92 988 24 38Ş 34 612 33 988 — —" 98 834 91 778 21 628 36 668 33 482 —
_
SİVAS (Merkez) 61 441 50 890 49 077 1 337 24 954 4 881 15 480 2 769 50 920 48 328 1 198 26 757 5 423 15 948
Divriği 21 931 17 673 17 169 872 5 495 1 107 9 535 149 17 667 16 378 1 518 4 786 1 172 9 074 mm
Gemerek 15 263 12 720 12 109 650 4 279 1 532 5 465 183 13 508 11 896 667 4 396 1 451 5 383 m_m
Gürün 14 400 11 008 10 785 263 5 745 448 4 217 66 11 002 10 622 272 5 933 416 3 973 _
Hafik 24 750 20 968 20 493 685 6 110 1 949 11 400 352 21 063 20 419 775 6 986 1 610 11 162
İmranlı 12 699 10 474 10 207 372 3 088 1 036 5 704 96 10 474 10 062 387 3 311 834 3 408 mm
Kangal 24 549 20 403 19 945 490 9 829 1 311 8 276 66 20 418 19 644 634 9 957 1 179 7 920 mm
Koyulhisar 11 651 9 152 8 944 270 2 388 823 5 400 63 9 167 8 814 378 2 827 576 5 024 mm
Suşehri 23 456 19 303 18 391 1 419 5 342 3 356 7 962 180 19 304 18 187 1 418 6 164 2 767 7 774 mm.
Şarkışla 27 234 22 647 21 766 2 478 11 881 1 418 5 348 641 22 625 21 325 2 505 11 933 1 400 5 477
Yıldızeli 28 086 23 772 22 714 2 164 6 043 3 352 10 587 574 23 730 22 225 2 033 6 836 2 869 10 220
Zara 24 885 18 880 18 549 55 5 136 1 333 11 871 154 18 871 18 440 46 5 581 1 070 12 377
Toplam - 290 345 237 890 230 149 11 055 90 290 22 546 101245 5 293 238 749 226 340 11 831 95 467 20 767 99 740
TEKİRDAĞ (Mer.) 28 101 22 637 22 046 782 7 017 1 97J 12 183 22 637 21 813 813 7 102 1 911 12 184 73
Çerkesköy 6 660 5 462 f 288 773 1 757 231 2 522 — 5 461 5 242 767 1 764 224 2 472 22
Çorlu 23 739 20 317 19 878 1 031 9 378 1 393 7 976 — 20 317 19 451 985 9 542 1 286 7 814
Hayrabolu 18 818 15 893 15 283 2 840 4 680 1 527 6 354 — 15 895 15 100 2 544 4 784 1 491 6 297 39
Malkara 25 892 22 262 21 561 732 8 095 928 11 806 — 22 260 21 324 692 8 387 866 11 641 22
Muratlı 9 677 7 713 7 493 160 2 451 768 4 114 — 7 717 7 426 147 2 496 674 4 099 24
Saray 10 996 9 161 8 880 1 079 2 780 996 4 015 — 9 213 8 830 1 090 2 807 958 4 008 19
Şarköy 10 210 8 577 8 396 108 3 419 165 4 705 — 8 577 8 537 84 3 470 154 4 640 14
Toplam - 133 093 112 022 108 825 7 505 39 577 7 979 53 675 112 077 107 723 7 122 40 352 7 564 53 155 213
TOKAT (Merkez) 38 503 33 175 32 099 2 667 9 970 1 884 15 578 33 201 31 356 2 526 10 377 1 454 16 915
Almus 10 178 8 831 8 396 429 2 986 647 4 335 — 8 827 8 264 391 3 143 534 4 190
Artova 13 151 11 537 11 149 608 3 748 694 6 099 — 11 534 10 963 556 3 913 632 5 860
Erbaa 28 691 25 016 23 683 11 879 9 789 598 1 417 — 25 017 23 362 11 619 9 966 528 1 311 i m
Niksar 25 809 22 373 21 238 7 548 9 219 983 3 702 — 22 373 21 047 8 336 9 936 699 3 288
Reşadiye 21 785 17 868 17 221 1 335 7 427 2 353 5 906 — 17 863 16 766 1 724 7 972 1 541 5 784
Turhal 27 797 24 405 23 565 733 8 110 1 347 13 373 — 24 416 23 282 633 8 335 1 147 13 110 mm
Zile 34 032 30 100 29 032 1 168 12 368 1 007 14 489 — 30 145 28 854 1 023 12 488 714 14 441
Toplam - 199 946 173 305 166 383 26 567 63 617 9 513 66 901 — 173 376 163 894 26 808 66 132 7 249 64 899 —
TRABZON (Mer.) 41 785 33 878 32 968 15 492 15 042 1 999 435 33 766 32 705 15 533 15 006 1 892 378
Akçaabat 31 650 24 736 23 812 12 470 10 101 1 021 220 — 24 746 23 792 12 460 10 085 1 157 227 mmm
Araklı 19 692 15 870 15 333 8 234 3 524 1 511 2 064 — 14 065 13 468 8 235 3 544 1 468 220
Arsın 11 711 8 018 7 755 4 787 2 137 756 75 — 8 039 7 721 4 833 2 194 624 59
Çaykara 20 797 12 921 12 384 6 787 4 872 620 105 — 12 922 12 389 6 894 4 782 610 100 mmm
Maçka 19 595 13 242 12 874 4 203 7 939 621 111 mm 13 246 12 854 4 302 7 921 464 128
Of 27 998 19 003 18 394 10 076 6 620, 1 513 185 — 19 002 18 302 10 156 6 596 1 426 131
Sürmene 21 071 15 339 14 742 7 163 6 455 1 030 94 — 15 367 14 764 7 039 6 651 983 88 MM
Tonva 10 163 6 726 6 461 2 549 2 892 702 318 — 6 726 6 354 2 517 2 837 686 316 mmm
Vakfıkebir 31 452 24 748 23 923 14 963 7 536 1 137 287 — 24 741 23 839 15 271 7 692 920 273 •MM
Yomra 9 591 6 352 6 191 3 288 1 896 908 99 — 6 363 6 149 3 262 1 973 846 97
Toplam - 246 601 180 833 174 837 90 012 69 014 U 818 3 993 — 178 983 172 337 90 502 69 281 11 076 2 015 m — m m
TUNCELİ (Merkez) 7 144 5 215 4 930 Mmm 1 781 1 206 605 1 338 5 215 4 989 2 200 100 1 370 1 319
Çemişkezek 7 070 5 722 5 475 — 2 014 197 2 978 286 5 723 5 414 — 1 864 170 3 072 308
Hozat 5 988 4 723 4 469 — 1 775 77 2 116 501 4 718 4 475 — 1 598 45 2 168 664
521