4. 5 Haziran 1977 Cumhuriyet Senatosu Üyeleri Seçimi Sonuçlarının
76 İl ve İlçelere Göre Dağılımı
Seçime katılan
SSeeççmmeenn OOyy kkuullllaannaann SSeeççiimmee
SSaannddııkk İİll vvee iillççeelleerr lliisstteessiinnddeekkii sseeççmmeenn kkaattııllmmaa GGeeççeerrllii ooyy AP CHP
ssaayyııssıı sseeççmmeenn ssaayyııssıı ssaayyııssıı oorraannıı ssaayyııssıı
%%
Aldığı oy Aldığı oy %
/o
26 771 Genel Toplam 6 800 746 5 019-677 73.8 4 812 326 1 842 396 38 3 2 037 875 42.3
621 Adıyaman il Toplamı 160 938 121 075 75.2 117 222 39 436 33.7 47 028 40.1
190 Merkez 51 581 37 255 72.2 35 838 6 355 17.7 15 665 43.7
127 Besni 33 269 25 048 75.3 24 094 7 667 31.8 11 102 46.1
36 Çelikhan 7 659 6 095 79.6 5 884 2 592 44.0 2 023 34.4
54 Gerger 13 346 11 333 84.9 11 138 4 463 40.1 4 372 39.3
66 Gölbaşı 17 430 12 804 73.5 12 569 3 920 31.2 6 770 53.9
128 Kahta 33 567 25 397 75.7 24 517 13 226 54.0 6 359 25.9
20 Samsat 3 728 3 243 87.0 3 182 1 213 38.1 737 23.2
1261 Aydın İl Toplamı 336 157 266 530 79.3 254 160 133 590 52.6 97 639 38.4
331 Merkez 89 639 68 103 76.0 65 220 36 200 55.5 22 278 34.2
75 Bozdoğan 18 909 15 420 83.8 14 749 9 323 63.2 4 014 27.2
138 Çine 35 480 30 441 85.8 28 952 17 593 60.8 8 316 28.7
77 Germencik 19 858 16 958 85.4 16 336 7 755 47.5 7 598 46.5
50 Karacasu 11 702 9 475 81.0 8 800 4 373 49.7 3 572 40.6
68 Koçarlı 16 676 14 116 84.6 13 599 7 982 58.7 4 420 32.5
35 Kuşadası 9 543 7 426 77.8 7 214 3 082 42.7 3 791 57.6
78 Ku> ucak 20 069 16 355 81.5 15 246 8 487 55.7 5 343 35.0
176 Nazilli 48 513 39 218 80.8 37 379 19 441 52.0 15 068 40.3
159 Söke 45 156 31 856 70.6 30 590 10 660 34.8 17 073 55.8
41 Sultanhisar 11 450 9 499 83.0 8 877 4 247 47.8 3 970 44.7
33 Yenipazar 8 749 7 597 86.8 7 218 4 447 61.7 2 196 30.5
370 Bilecik İl Toplamı 74 444 61 831 83.1 59 659 29 583 49.6 23 457 39.3
75 Merkez 17 398 14 147 81.3 13 697 6 830 49.9 5 476 40.0
70 Bozüyük 16 154 12 779 79.1 12 285 6 265 51.0 4 648 37.8
90 Gölpazarı 13 665 11 404 83.5 11 066 5 720 51.7 4 384 39.6
36 Osmaneli 7 217 6 030 83.6 5 814 2 854 49.1 2 090 35.9
41 Pazaryeri 8 835 7 210 81.6 6 862 4 025 58.6 2 002 29.2
58 Söğüt 13 181 10 261 77.8 9 935 3 889 39.1 4 857 48.9
1059 Bolu İl Toplamı 234 488 179 803 76.7 172 166 96 309 55.9 48 218 28.0
185 Merkez 43 867 32 844 75.2 31 579 18 053 57.2 9 606 30.4
62 Akçakoca 14 030 11 537 82.2 11 171 6 362 57.0 3 226 28.9
333 Düzce 84 096 63 048 75.0 60 550 31 390 51.9 18 777 31.0
167 Gerede 34 926 25 860 57.6 24 622 16 327 66.3 2 953 12.0
70 Göynük 12 123 9 341 77.1 8 926 5 770 64.6 1 444 16.2
24 Kıbrısçık 4 370 3 673 84.1 3 494 1 320 37.8 1 820 52.1
60 Mengen 9 359 7 211 77.0 6 905 3 864 55.9 2 054 29.7
84 Mudurnu 15 439 12 616 81.7 12 209 6 550 53.7 3 966 32.5
39 Seben 7 387 6 056 82.0 5 868 3 238 64.6 2 128 16.2
35 Yığılca 9 068 7 517 82.9 6 842 3 435 50.2 2 238 32.7