4. 5 Haziran 1977 Cumhuriyet Senatosu Üyeleri Seçimi Sonuçlarının
İl ve İlçelere Göre Dağılımı 77
siyasi partilerin ve bağımsızların aldıkları oy sayısı
CGP DP MSP MHP TBP TİP Bağımsızlar
Aldığı oy % Aldığı oy % Aldığı oy /o Aldığı oy % Aldığı oy /o Aldığı oy /o Aldığı oy %
89 484 1 9 107 278 2 2 4o2 702 8 4 326 967 6 8
857 0 7 2 170 1 9 24 534 20 9 3 197 2 7
134 0 4 1 039 2 9 11 586 32 3 1 059 3 0
245 1 0 431 1 8 3 751 15 6 898 3 7 — — — — — —
50 0 9 50 0 9 1 015 17 2 154 2 6 — — — — — —
66 0 6 192 1 7 1 940 17 4 105 0 9
133 1 0 196 1 6 769 6 1 781 6 2 — — — — • — —
217 0 9 229 0 9 4 316 17 6 170 0 7 — — — — — —
12 0 4 33 1 0 1 157 36 4 30 0 9 —
3 104 1 2 6 185 2 4 6 835 2 7 6 578 2 6 — — — — 306 o.ı
739 1 1 2 193 3 4 1 838 2 8 1 885 2 9 94 0.1
903 6 1 372 2 5 342 2 3 388 2 6 — — — — 8 0.1
478 1 7 797 2 8 1 032 3 6 703 2 4 — — — — 19 0.0
156 1 0 329 2 0 140 0 9 337 2 1 — — — — 21 0.1
158 1 8 260 2 9 210 2 4 202 2 3 — — — — 26 0.3
162 1 2 360 2 6 354 2 6 308 2 3 — — — — 13 0.1
51 0 1 65 0 9 157 2 0 74 1 0 — — — — 4 0.1
192 1 3 411 2 7 500 3 3 295 1 9 — — — — 18 0.1
409 1 1 469 1 2 955 2 6 999 2 7 — — — — 38 0.1
273 0 9 577 1 9 881 2 9 1 151 3 7 — — — — 30 0.1
92 1 0 183 2 1 237 2 7 129 1 5 — — — — 19 0.2
92 1 2 165 2 3 200 2 8 108 1 5 2 0.0
1 251 2 1 — 3 694 6 2 1 674 2 8
269 1 9 867 6 3 255 1 9
304 2 5 — 588 4 8 480 3 9
189 1 7 — 622 5 6 151 1 4
113 2 0 — 652 11 2 105 1 8
197 2 9 — 262 3 8 376 5 5
179 1 8 703 7 1 307 3 1
6 001 3 5 — 16 043 9 3 5 601 3.3
_
1 185 3 8 1 560 4 9 1 175 3 7
287 2 6 — 966 8 6 330 2.9
1 647 2 7 — 7 038 11 6 1 698 2.8
744 3 0 — 3 584 14 6 1 014 4 1
444 5 0 — 985 11 0 283 3.2
160 4 6 — 127 3 6 67 1 9 — — — — — —
301 4 4 — 508 7 4 178 2.6
553 4 5 — 735 6 0 405 3 3
179 5 0 — 162 11 0 161 3 2 — — — — — —
501 7 3 379 5 6 289 4.2