4. 5 Haziran 1977 Cıımhuriyet Senatosu Üyeleri Seçimi Sonuçlarının
78 tl ve İlçelere Göre Dağılımı
Seçime katılan
Seçmen Oy kullanan Seçime
İl ve ilçeler listesindeki seçmen katılma Geçerli oy AP CHP
seçmen sayısı sayısı oranı sayısı
/o
Aldığı oy Aldığı oy
/o
Çankırı İl Toplamı 122 935 91 548 74.5 86 313 40 543 47.0 19 797
Merkez 36 148 26 075 72.1 24 807 11 677 47.1 5 681
Çerkeş 10 622 7 807 73.5 7 374 2 400 32.5 3 127
Eldivan 5 208 4 030 77.4 3 763 1 818 48.3 621
Eskipazar 11 509 8 695 75.5 8 051 3 212 39.9 2 586
İlgaz 13 585 10 650 78.4 10 099 5 543 54.9 1 641
Kurşunlu 13 527 10 277 75.9 9 628 4 206 43.7 2 137
Oıta 10 526 7 304 69.4 6 679 3 560 53.3 908
Ovacık 4 966 3 708 74.7 3 480 1 542 44.3 1 223
Şabanözü 7 486 5 717 76.4 5 486 2 646 48.2 1 424
Yapraklı 9 323 7 285 78.1 6 946 3 939 56.7 449
Çorum İl Toplamı 278 754 217 399 78.0 205 968 76 783 37.3 76 116
Merkez 85 796 64 649 75.4 61 979 16 938 27.3 30 -217
Alaca 29 151 22 932 78.7 22 157 4 514 20.4 10 116
Bayat 15 156 12 278 81.0 11 565 6 687 57.8 1 986
İskilip 35 740 26 945 75.4 24 741 13 512 54.6 4 122
Kargı 16 190 12 793 79.0 11 701 6 995 59.8 2 884
Mecitözü 16 719 13 941 83.4 13 334 3 956 27.9 6 035
Oıtaköy 6 108 5 092 83.4 4 999 1 267 25.4 2 826
Osmancık 30 061 24 826 82.6 23 683 13 489 56.9 5 988
Sungurlu 43 884 33 538 76.4 31 773 9 449 29.7 12 427
Edirne İl Toplamı 186 570 143 660 77.0 138 898 54 963 39.6 74 869
Merkez 53 884 37 084 68.8 35 720 15 168 42.4 17 832
Enez 6 500 5 613 86.4 5 451 1 695 31.1 3 328
Havsa 12 924 11 086 89.2 10 644 5 496 51.6 4 303
İpsala 15 909 13 773 86.6 13 305 5 769 43.4 6 617
Keşan 32 843 26 321 80.1 25 692 8 053 31.4 16 192
Lalapaşa 6 039 5 204 86.2 5 003 2 605 52.1 2 003
Meıiç 12 300 10 527 85.6 10 087 2 979 29.5 6 394
Uzunköprü 41 081 34 055 82.9 32 996 13 198 40.0 18 200
Gaziantep İl Toplamı 367 858 253 422 68.9 242 912 83 222 34.3 109 437
Merkez 211 514 135 764 64.2 130 164 37 854 29.1 68 219
Araban 11 727 9 657 82.3 9 266 3 812 41.1 3 102
İslahiye 33 256 26 106 78.5 24 929 9 188 36.9 9 213
Kilis 44 619 30 029 67.3 29 024 12 304 42.4 9 401
Nizip 44 183 32 465 73.4 30 925 13 101 42.4 11 739
Oğuzeli 15 358 13 085 85.2 12 496 4 285 34.3 5 448
Yavuzeli 7 198 6 332 88.7 6 110 2 678 43.8 2 315