4. 5 Haziran 1977 Cumhuriyet Senatosu Üyeleri Seçimi Sonuçlarının
İl ve İlçelere Göre Dağılımı 79
siyasi partilerin ve bağımsızların aldıkları oy sayısı
CGP DP MSP MHP TBP TİP Bağımsızlar
Aldığı oy Aldığı oy % Aldığı oy % Aldığı oy % Aldığı oy % Aldığı oy Aldığı oy
/o /o /o
2 131 2 5 1 314 1.5 9 247 10.7 13 281 15.4
367 1 5 280 1.1 1 738 7.2 5 019 20.2 — — —
170 2 3 166 2.3 718 9.7 793 10.8 — — — — — —
98 2 6 46 1.2 593 15.8 587 15.6
232 2 9 147 1.8 786 9.8 1 088 13.5
283 2 8 153 1.5 1 038 10.3 1 441 14.3
278 2 9 198 2.0 1 874 19.5 935 9.7 — — — — — —
220 3 3 110 1.6 1 166 17.5 715 10.7
179 5 1 70 2.0 226 6.5 240 6.9
126 2 3 65 1.2 449 8.2 776 14.2
178 2 6 79 1.1 614 8.8 1 687 24.3
3 771 1 8 4 093 2.0 18 235 8.9 26 470 12.9 — — — — - —
723 1 2 836 1.3 5 943 9.6 7 322 11.8
217 1 0 247 1.1 2 498 11.3 4 565 20.6
315 2 7 210 1.8 991 8.6 1 376 11.9 — — — — — —
859 3 5 753 3.0 3 050 8.3 2 445 9.9 — — — — — —
361 3 1 341 2.9 356 3.0 772 6.6
195 1 5 709 5.3 1 054 7.9 1 384 10.4
57 1 1 62 1.2 261 5.2 526 10.5
498 2 1 252 1.1 790 3.3 2 666 11.3 — — — — — —
545 1 7 670 2.1 3 320 10.5 5 364 16.9
1 915 1 4 2 631 1.9 2 852 2.0 1 689 1.2 — — — — — —
479 1 3 600 1.7 1 106 3.1 556 1.6
77 1 4 104 1.9 199 3.7 48 0.9
156 1 5 196 1.8 327 3.1 166 1.6
263 2 0 335 2.5 199 1.5 122 0.9
310 1 2 395 1.5 186 1.5 356 1.4
102 2 0 141 2.8 104 2.1 48 1.0
103 1 0 229 2.3 219 2.2 163 1.6
425 1 .3 631 1.9 312 0.9 230 0.7
3 358 1 4 2 985 1.2 20 022 8.2 23 888 9.8
1 649 1 3 1 656 1.3 8 023 6.1 12 673 9.8
359 3 9 99 1.1 764 8.2 1 128 12.2 — — — — — —
380 1 5 288 1.1 3 004 12.0 2 856 11.5
393 1 4 382 1.3 3 826 13.2 2 718 9.4
327 1 0 338 1.1 3 063 9.9 2 357 7.6 — — — — — —
160 1 3 179 1.4 816 6.5 1 608 12.9 — — — — — —
90 1 5 44 0.7 527 8.6 456 7.5