4. 5 Haziran 1977 Cumhuriyet Senatosu Üyeleri Seçimi Sonuçlarının
80 İl ve İlçelere Göre Dağılımı
Seçime katılan
SSeeççmmeenn OOyy kkuullllaannaann Seçime
SSaannddııkk İl ve ilçeler lliisstteessiinnddeekkii sseeççmmeenn katılma GGeeççeerrllii ooyy AP CHP
ssaayyııssıı sseeççmmeenn ssaayyııssıı ssaayyııssıı oranı ssaayyııssıı
%
- Aldığı oy /o Aldığı oy /o
1496 İçel İl Toplamı 408 732 269 122 65.9 259 885 104 050 40.0 118 135 45.5
549 Meıkez 162 276 86 072 53.0 83 429 27 788 33.3 47 155 56.5
113 Anamur 28 643 21 108 73.7 20 172 7 926 39.3 7 391 36.7
134 Erdemli 35 356 28 984 82.0 25 093 15 068 60.0 5 819 23.2
88 Gülnar 20 856 16 164 77.5 15 543 6 670 42.9 6 807 43.8
112 Mut 23 995 19 579 81.6 18 934 6 867 36.3 8 169 43.1
131 Silifke 35 557 29 034 81.7 27 883 13 087 46.9 10 860 39.0
369 Tarsus 102 835 71 184 69.2 68 831 26 644 38.7 31 934 46.4
3173 İzmir İl Toplamı 957 630 751 390 78.5 729 605 291 697 40.0 386 681 53.0
1172 Meıkez 394 035 308 350 78.3 300 775 114 021 37.9 166 620 55.4
386 Karşıyaka 128 484 98 769 75.4 96 161 31 195 32.4 58 812 59.3
85 Bayındır 24 617 19 549 79.4 18 898 9 643 51.0 8 052 42.6
203 Bergama 50 080 41 180 82.2 39 691 19 277 48.6 16 481 41.5
260 Bornova 78 436 51 779 66.0 50 289 18 530 36.8 28 428 56.5
22 Çeşme 6 332 5 466 86.3 5 327 2 080 39.0 3 063 57.5
49 Dikili 11 234 9 175 81.7 8 920 3 592 40.3 4 303 48.2
24 Foça 5 916 4 980 84.2 4 848 2 261 46.6 2 355 48.6
20 Karaburun 4 021 3 408 84.8 3 332 1 667 50.0 1 478 44.3
79 Kemalpaşa 24 850 19 214 77.3 18 643 8 481 45.5 8 219 44.0
56 Kınık 13 968 11 697 83.7 11 271 5 141 45.6 4 772 42.3
72 Kiraz 19 182 16 070 83.8 15 080 7 930 52.6 5 656 37.5
126 Menemen 34 086 27 483 80.6 26 589 11 633 43.8 12 489 46.9
279 ödemiş 69 588 57 684 82.9 55 437 22 448 40.5 29 238 52.7
23 Seferhisar 6 646 5 323 80.1 5 206 1 446 27.8 3 536 67.9
37 Selçuk 11 014 8 690 78.9 8 479 3 052 36.0 4 927 58.1
142 Tire 37 668 30 441 80.8 29 320 15 606 53.2 11 990 40.9
89 Toıbalı 26 070 22 570 86.6 22 002 9 805 44.6 10 903 49.6
49 Urla 12 104 9 557 79.0 9 350 3 889 41.6 4 863 52.0
1311 Kastamonu ti Toplamı 241 385 178 742 74.0 168 485 84 525 50.2 53 087 31.5
266 Merkez 50 537 36 727 72.7 35 552 18 745 52.7 10 894 30.7
16 Abana 2 127 1 515 71.2 1 412 698 49.4 609 43.1
131 Araç 21 780 16 180 74.3 15 183 7 051 46.5 5 263 34.7
87 Azdavay 15 720 11 256 71.6 10 426 3 289 31.6 5 301 50.9
40 Bozkurt 7 086 5 030 71.0 4 737 3 745 79.0 377 8.0
122 Cide 22 730 16 085 70.8 15 020 8 268 55.0 4 791 31.9
46 Çatalzeytin 8 406 5 634 67.0 5 152 2 501 48.6 1 805 35.0
73 Daday 10 323 8 073 78.2 7 681 2 661 34.6 4 017 52.3
78 Devrekani 13 436 9 602 67.7 9 110 3 285 36.1 3 565 39.1
119 İnebolu 20 778 14 831 71.3 13 701 -9 322 68.0 2 609 19.0
65 Küre 11 122 7 528 67.7 7 015 3 171 45.2 2 481 35.4
166 Taşköprü 30 201 24 988 82.7 23 776 11 809 49.7 7 984 33.6
102 Tosya 27 374 21 185 77.4 19 600 9 980 50.9 3 311 16.9