82 4. 5 Haziran 1977 Cumhuriyet Senatosu Üyeleri Seçimi Sonuçlarının
İl ve İlçelere Göre Dağılımı
Seçime katılan
SSeeççmmeenn OOyy kkuullllaannaann SSeeççiimmee
SSaannddııkk İİll vvee iillççeelleerr lliisstteessiinnddeekkii sseeççmmeenn kkaattııllmmaa GGeeççeerrllii ooyy AP CHP
ssaayyııssıı sseeççmmeenn ssaayyııssıı ssaayyııssıı oorraannıı ssaayyııssıı
//oo
Aldığı oy % Aldığı oy
/o
532 Kırklareli İl Toplamı 143 157 116 556 81.4 112 422 52 290 46.5 54 590 48 6
134 Merkez 35 245 28 269 80.2 27 055 12 359 45.5 13 104 48 4
96 Babaeski 27 206 21 897 80.5 21 098 9 474 44.9 10 741 50 9
23 Demirköy 4 824 4 285 88.8 4 154 2 238 53.9 1 755 42 2
18 Kofçaz 3 085 2 778 90.0 2 713 1 187 43.8 1 371 50 5
138 Lüleburgaz 38 768 30 593 78.9 29 690 13 270 44.7 15 154 51 1
15 Pehlivanköy 4 199 3 609 85.9 3 489 1 842 52.8 1 458 41 8
49 Pınarhisar 13 585 10 940 80.5 10 513 5 114 48.7 4 931 46 9
59 Vize 16 506 14 185 85.9 13 710 6 846 49.9 6 076 44 3
440 Kırşehir İl Toplamı 112 796 74 360 65.9 70 650 15 561 22.0 32 420 45 9
177 Merkez 48 358 29 608 61.2 28 022 5 638 20.1 14 175 50 6
88 Çiçekdağı 17 799 13 163 74.0 12 564 3 720 29.6 5 374 42 8
117 Kaman 35 824 23 246 64.9 22 087 4 380 19.8 9 866 44 7
58 Mucur 11 363 8 515 74.9 8 139 1 979 24.3 3 050 37 5
2578 Konya ti Toplamı 706 590 488 701 69.2 468 176 132 995 28.4 147 880 31 6
665 Merkez 198 288 126 845 62.2 122 266 27 008 22.1 31 701 25 9
159 Akşehir 43 126 30 464 70.6 29 211 10 545 36.1 12 547 42 9
188 Beyşehir 50 810 35 209 69.3 33 583 13 362 39.8 7 245 21 6
122 Bozkır 31 038 20 799 67.0 19 515 7 186 36.8 4 887 25 0
110 Cihanbeyli 29 414 21 278 72.3 20 577 5 914 28.8 8 729 42 4
110 Çumra 32 807 23 495 71.6 22 183 5 302 23.9 5 241 23 6
53 Doğanhisar 14 917 9 685 64.9 9 177 3 373 36.8 3 223 35 1
203 Ereğli 51 452 38 359 74.6 37 058 7 878 21.3 14 859 40 1
111 Ermenek 26 342 20 520 77.9 19 667 8 235 41.8 6 677 33 9
77 Hadım 18 136 12 874 70.9 12 254 4 223 34.5 2 674 21 8
100 Ilgın 27 338 19 070 69.8 18 432 5 547 30.1 4 981 27 0
74 Kadınhanı 17 337 12 471 71.9 11 977 4 528 37.8 2 929 24 5
208 Karaman 50 320 38 165 75.8 36 574 7 565 20.7 13 749 37 6
82 Karapınar 20 235 16 145 79.8 15 411 3 002 19.5 7 798 50 6
73 Kulu 20 349 14 540 71.5 13 773 3 719 27.0 5 721 41 6
44 Sarayönü 12 209 9 984 81.8 9 622 3 099 32.2 3 006 31 2
122 Seydişehir 36 696 24 953 68.0 23 808 8 995 37.8 8 638 36 3
77 Yunak 20 124 13 863 68.9 12 999 3 514 27.0 3 275 25 2
1140 Malatya İl Toplamı 286 630 194 709 67.9 188 440 32 249 17.1 101 501 53 9
506 Merkez 142 519 86 099 60.4 83 342 13 772 16.5 35 526 42 7
100 Akçadağ 24 260 20 617 85.0 20 066 2 434 12.1 13 295 66 3
65 Arapkir 11 211 8 092 72.2 7 905 1 848 23.4 4 397 55 6
56 Arguvan 10 694 9 267 86.7 9 207 259 2.8 8 145 88 5
94 Darende 20 332 14 297 70.3 13 530 3 512 26.0 5 756 42 5
77 Doğanşehir 20 744 15 692 75.6 15 163 3 027 20.0 8 882 58 6
105 Hekimhan 24 504 17 702 72.2 17 054 1 945 11.4 12 606 73 9
93 Pötürge 20 622 13 750 66.7 13 287 4 276 32.2 7 153 53 9
44 Yeşilyurt 11 405 9 097 79.8 8 816 1 176 13.3 5 750 65 2