84 4. 5 Haziran 1977 Cumhuriyet Senatosu Üyeleri Seçimi Sonuçlarının
İl ve İlçelere Göre Dağılımı
Seçime katılan
SSeeççmmeenn OOyy kkuullllaannaann SSeeççiimmee
SSaannddııkk İİll vvee iillççeelleerr lliisstteessiinnddeekkii sseeççmmeenn kkaattııllmmaa GGeeççeerrllii ooyy AP CHP
ssaayyııssıı sseeççmmeenn ssaayyııssıı ssaayyııssıı oorraannıı ssaayyııssıı
VV
//oo Aldığı oy /o Aldığı oy %
1778 Manisa İl Toplamı 465 400 377 993 81.2 363 732 177 347 48 8 141 521 38 9
247 Merkez 73 039 59 225 81.1 57 187 28 259 49 4 21 956 38 4
274 Akhisar 77 589 59 769 77.0 57 390 24 961 43 5 26 786 46 7
155 Alaşehir 36 078 30 674 85.0 29 472 13 857 47 0 12 774 43 4
132 Demirci 26 754 22 650 84.7 21 769 13 615 62 5 4 313 19 8
115 Gördes 23 116 20 039 86.7 19 190 10 816 56 4 5 491 28 6
76 Kırkağaç 20 563 16 557 80.5 15 912 8 802 55 3 5 306 33 3
77 Kula 19 910 16 776 84.3 16 151 8 654 53 6 5 441 33 7
196 Salihli 54 415 42 881 78.8 41 219 19 164 46 5 18 068 43 8
55 Sarıgöl 15 881 13 473 84.8 12 838 5 401 42 1 6 262 48 8
112 Saruhanlı 31 325 26 393 84.3 25 327 10 432 41 2 11 193 44 2
56 Selendi 11 785 10 230 86.8 9 841 6 493 66 0 2 079 21 1
116 Soma 27 088 21 734 80.2 21 021 10 063 47 9 7 987 38 0
167 Turgutlu 47 708 37 745 79.1 36 402 16 829 46 2 13 861 38 1
1084 K.Maraş İl Toplamı 300 701 218 580 72.7 210 409 63 358 30 1 75 115 35 7
18« 111177 114433 7799 336677 6677..88 7766 773300 30 537 3399 88 1133 442277 1177 5
123 Afşin 31 340 21 657 69.1 20 269 4 101 20 2 8 226 40 6
81 Andırın 19 228 15 096 78.5 14 588 5 420 37 1 5 156 35 3
188 Elbistan 54 837 40 601 74.0 39 199 7 521 19 2 19 531 49 8
93 Göksün 21 703 15 212 48.0 14 369 5 030 35 0 4 002 27 9
147 Pazarcık 37 774 32 305 85.5 31 640 5 567 17 6 20 239 64 0
64 Türkoğlu 18 164 14 442 79.5 13 614 5 182 38 1 4 534 33 3
428 Nevşehir İl Toplamı 124 307 88 133 70.9 83 658 35 283 42 2 28 986 34 6
141 Merkez 42 846 31 138 72.7 29 754 16 766 56 4 7 214 24 2
52 Avanos 17 677 11 327 64.1 10 681 3 417 32 0 4 743 44 4
22 Derinkuyu 7 016 5 139 73.3 4 773 1 822 38 2 1 922 40 3
51 Gülşehir 14 152 9 971 70.5 9 352 2 969 31 7 3 451 36 9
41 Hacıbektaş 10 753 7 311 68.0 7 009 1 242 17 7 3 988 56 9
51 Kozaklı 12 943 9 264 71.6 8-785 2 209 25 2 3 343 38 0
70 Ürgüp 18 920 13 926 73.6 13 297 6 857 51 6 4 322 32 5
1236 Ordu İl Toplamı 329 292 228 014 69.3 216 436 63 153 29 2 103 461 47 8
236 Merkez 72 413 45 486 62.8 43 221 12 256 28 0 22 200 50 8
71 Akkıış 20 257 13 792 68.1 12 962 4 381 33 8 6 571 50 7
56 Aybastı 18 607 12 284 66.0 11 548 3 718 32 2 5 912 51 2
198 Fatsa 53 524 37 982 71.0 35 058 6 781 19 3 20 257 57 8
83 Gölköy 22 781 17 118 75.1 16 468 1 125 6 8 10 114 61 4
45 Korgan 13 082 8 059 61.6 7 413 1 612 21 8 2 935 39 6
58 Kumru 15 461 10 769 69.7 9 855 3 495 35 5 3 653 37 1
92 Mesudiye 16 171 10 347 64.0 9 823 3 509 35 7 4 571 46 4
89 Perşembe 22 550 16 673 73.9 15 833 6 918 43 7 3 971 25 1
62 Ulubey 17 640 13 282 75.3 12 708 4 204 33 1 5 329 41 9
246 Ünye 57 181 42 828 74.9 41 049 14 656 35 7 17 948 43 7