86 4. 5 Haziran 1977 Cumhuriyet Senatosu Üyeleri Seçimi Sonuçlarının
İl ve İlçelere Göre Dağılımı
Seçime katılan
SSeeççmmeenn OOyy kkuullllaannaann SSeeççiimmee
SSaannddııkk İİll vvee iillççeelleerr lliisstteessiinnddeekkii sseeççmmeenn kkaattııllmmaa GGeeççeerrllii ooyy AP CHP
ssaayyııssıı sseeççmmeenn ssaayyııssıı ssaayyııssıı oorraamm ssaayyııssıı
%%
Aldığı oy % Aldığı oy %
629 Sinop İl Toplamı 140 470 100 571 71.6 94 044 35 603 37 9 41 941 44 6
74 Merkez 21 346 16 422 76.9 15 687 4 536 28 9 9 250 59 0
99 Ayancık 24 357 15 896 60.8 14 995 4 723 31 5 8 343 55 6
186 Boyabat 28 788 22 622 78.6 21 176 9 830 46 4 6 602 31 2
65 Durağan 14 790 10 741 72.6 9 710 4 391 45 2 2 531 26 1
45 Erfelek 11 574 8 881 76.7 8 458 2 684 31 7 4 619 54 6
115 Gerze 27 879 19 278 69.2 17 863 6 826 38 2 8 280 46 3
45 Türkeli 11 740 6 731 57.3 6 091 2 607 42 4 2 316 37 7
1842 Sivas İl Toplamı 346 706 257 512 74.3 244 327 60 053 24 6 106 601 43 6
411 Merkez 98 616 76 041 77.1 71 549 15 074 21 1 27 953 39 1
150 Divriği 21 622 16 943 78.4 16 587 • 1 395 8 4 11 151 67 2
77 Gemerek 19 736 13 667 69.2 12 925 3 943 30 5 5 338 41 3
97 Gürün 16 021 12 287 76.7 11 805 2 652 22 5 5 816 49 3
132 Hafik 20 111 14 916 74.2 14 188 3 801 26 8 6 842 48 2
112 İmranlı 15 657 11 286 72.1 11 061 1 192 10 8 8 009 72 4
155 Kangal 26 227 19 876 75.8 18 783 3 481 18 5 8 357 44 5
69 Koyulhisar 13 388 9 031 67.5 8 352 3 556 42 6 2 580 30 9
159 Suşehri 26 719 19 615 73.4 18 566 9 549 51 4 4 076 22 0
159 Şarkışla 31 098 22 820 73.4 21 417 4 275 20 0 10 222 47 7
162 Yıldızeli 33 634 24 512 72.9 23 407 6 191 26 5 9 370 40 0
159 Zara 23 794 16 499 69.3 15 663 4 945 31 6 6 887 44 0
1648 Zonguldak İl Toplamı 472 806 340 023 71.9 325 786 139 803 42 9 149 401 45 0
333 Merkez 113 639 72 689 63.9 70 309 27 656 39 3 37 146 52 8
239 Bartın 62 918 50 266 79.9 48 288 23 998 49 7 18 289 37 9
157 Çaycuma 44 562 34 940 78.4 32 962 14 000 42 5 15 702 47 6
159 Devrek 44 981 33 046 73.5 31 157 12 485 40 1 14 867 47 7
61 Eflani 12 848 8 034 62.5 7 404 2 817 38 0 3 353 45 3
246 Ereğli 79 144 56 803 71.8 54 769 20 399 37 3 28 763 52 5
244 Karabük 66 407 47 873 71.2 46 244 23 079 49 9 16 900 36 6
29 Kurucaşile 5 123 3 964 77.5 3 693 2 110 57 1 1 112 30 1
93 Safranbolu 21 962 16 194 73.7 15 630 6 714 43 0 6 316 40 4
87 Ulus 21 247 16 214 76.3 15 230 6 445 42 3 6 953 45 7