4. 5 Haziran 1977 Cumhuriyet Senatoso Üyeleri Seçimi Sonuçlarının 87
İl ve İlçelere Göre Dağılımı
siyasi partilerin ve bağımsızların aldıkları oy sayısı
CGP DP MSP MHP TBP TİP Bağımsızlar
Aldığı oy /o Aldığı oy /o Aldığı oy % • Aldığı oy % Aldığı oy % Aldığı oy /o Aldığı oy /o
3 030 3.2 2 954 3.1 7 070 7.5 3 446 3.7
330 2.1 578 3.7 615 3.9 378 2.4
521 3.5 411 2.7 682 4.6 311 2.1
645 3.1 573 2.7 2 400 11.3 1 126 5.3
350 3.6 295 3.0 1 660 17.1 483 5.0
248 2.9 285 3.4 430 5.1 192 2.3
681 3.8 617 3.5 729 4.1 732 4.1
255 4.1 135 2.2 554 9.0 224 3.6
3 641 1.5 3 534 1.4 34 306 14.0 30 969 12.7
810 1.1 983 1.4 17 474 24.4 8 703 12.2 — — — — 552 0.8
157 0.9 108 0.7 581 3.5 1 489 9.0 — — — — 1 706 10.3
226 1.7 212 1.7 812 6.3 2 394 18.5
107 0.9 138 1.2 1 076 9.1 1 992 16.9 — — — — 13 0.1
341 2.4 306 2.1 1 306 9.2 1 127 7.9 — — — — 488 3.4
106 0.9 56 0.5 373 3.4 1 106 10.0 — — — — 219 2.0
219 1.2 268 1.4 2 136 11.4 2 952 15.7 — — — — 1 365 7.3
305 3.7 246 2.9 697 8.3 963 11.5 — — — — 6 0.1
398 2.1 386 2.1 2 225 12.0 1 882 10.1 — — — — 50 0.3
340 1.6 349 1.6 3 381 15.8 2 548 11.9 — — — — 294 1.4
298 1.3 287 1.2 1 180 13.6 4 037 17.2 — — — — 44 0.2
334 2.1 195 1.2 1 065 6.8 1 763 11.3 — — — — 474 3.0
7 462 2.3 6 444 2.0 15 753 4.8 . 6 923 2.1
964 1.4 843 1.2 2 475 3.5 1 225 1.8
1 537 3.2 1 095 2.2 2 465 5.1 901 1.9 — — — — —
881 2.7 869 2.6 1 054 3.2 456 1.4
1 007 3.2 994 3.2 1 188 3.8 616 2.0
280 3.8 303 4.1 382 5.2 269 3.6 — — — — — —
1 169 2.1 1 119 2.0 2 555 4.7 764 1.4
760 1.6 537 1.2 3 326 7.2 164 3.5
127 3.4 90 2.5 166 4.5 88 2.4
304 1.9 250 1.6 1 311 8.4 739 4.7
433 2.8 346 2.3 828 5.4 225 1.5