XVI
2. Haziran .1968
KISMÎ SENATO ÜYELERİ SEÇÎMİ SONUÇLARI
İl ve İlçeler itibariyle
Seçime Katılan Siyasi Partiler ve Bağımsızların Aldıkları Oylar
SSSeeeçççmmmeeennn OOOyyy SSSeee­­­
SSSaaannn­­­ llliiisssttteeesssiiinnn­­­ kkkuuulll­­­ MMMuuuttteee­­­ çççiiimmmeee
İİİlllllleeerrr ——— İİİlllçççeeellleeerrr dddıııkkk dddeeekkkiii lllaaannnaaannn bbbeeerrr kkkaaa­­­ AP. CHP. CKMP. GP. MP. TİP. Bağımsız­
sssaaa­­­ ssseeeçççmmmeeennn­­­ ssseeeçççmmmeeennn­­­ oooyyy tttııılllmmmaaa lar
yyyııısssııı llleeerrr llleeerrr sssaaayyyııısssııı ooorrraaannnııı
sssaaayyyııısssııı sssaaayyyııısssııı %%%
Sayı % Sayı % Sayı % Sayı Sayı % Sayı Sayı %
Genci Toplam 22923 5420 255 3595 976 3322 710 66.3 1656 802 49.9 899 444 27.1 66 232 2.0 284 234 8.6 200 737 6.0 157 062 4.7 58 317 1.7
Adıyaman İl Toplamı 479 119 323 85 246 81 986 71.4 45 425 55.4 32 074 39.1 1 063 1.3 — — 1 392 1.7 2 032 2.5 — —
Merkez İlçesi 126 32 294 22 518 21 470 69.7 13 632 63.5 6 268 29.2 475 2.2 434 2.0 661 3.1
Besni » 105 27 405 17 132 16 195 62.5 7 204 44.5 7 894 48.7 219 1.4 — — 352 2.2 526 3.2 — —
Çelikhan » 33 7 061 5 402 5 102 76.5 3 170 62.1 1 601 31.4 77 1.5 — — 114 2.2 140 2.8 — —
Gerger » 49 12 693 8 584 8 450 67.6 2 395 28.3 5 844 69.2 51 0.6 — — 65 0.8 95 1.1 — —
Gölbaşı » 42 11 065 8 339 7 997 75.3; 3 481 43.5 3 723 46.6 142 1.8 — — 288 3.6 363 4.5 — —
Kâhta » 105 25 524 20 655 20 219 80.9 14 349 71.0 5 458 27.0 86 0.4 — — 122 0.6 204 1.0 — —
Samsat » 19 3 281 2 616 2 553 79.7 1 194 46.8 1 286 50.4 13 0.5 17 0.6 43 1.7 — —
Aydın İl Toplamı I 028 257 311 161 904 150 555 62 9 94 199 62 6 34 349 22.8 2 564 1.7 9 043 6.0 3 272 2.2 7 128 4.7 — —
_ _
Merkez İlçesi 229 62 472 38 363 35 751 61.4 23 908 66.9 7 074 19.8 550 1.5 2 007 5.6 750 2.1 1 462 4.1
Bozdoğan » 68 16 755 11 944 10 840 71.2 6 996 64.5 1 916 17.7 201 1.9 1 152 10.6 229 2.1 346 3.2 — —
Çini » 129 28 909 19 872 18 719 68.7 12 4556 6.5 3 451 18.4 394 2.1 1 374 7.4 589 3.2 456 2.4 — —
Germencik » 70 16 547 10 768 10 163 65.0 5 653 55.6 3 457 34.0 97 1.0 441 4.3 152 1.5 363 3.6 — —
Karacasu » 47 10 338 7 405 6 831 71.6 4 385 64.2 1 346 19.7 130 1.9 644 9.4 151 2.2 175 2.6 — —
Koçarlı » 61 14 136 9 701 9 187 68.6 6 186 67.4 1 745 19.0 131 1.4 655 7.1 248 2.7 222 2.4 — —
Kuşadası » 27 6 956 3 482 3 101 50.0 1 816 58.6 1 125 36.3 160 5.1 — —
Kuyucak » 64 16 254 11 235 10 254 69.1 6 473 63.1 2 423 23.6 178 1.8 633 6.2 216 2.1 331 3.2 — —
Nazilli » 145 36 494 19 300 17 960 52.8 11 483 63.9 4 513 25.1 270 1.5 870 4.9 376 2.1 448 2.5 — —
Söke » 117 30 964 17 730 16 453 57.2 8 378 50.9 3 737 22.7 429 2.6 609 3.7 349 2.1 2 951 18.0 — —
Sultanhisar » 39 9 870 6 885 6 375 69.7 3 366 52.8 2 462 38.6 89 1.4 282 4.4 95 1.5 81 1.3 — —
Yenipazar » 32 7 616 5 219 4 921 68.5 3 100 63.0 1 100 22.4 95 1.9 376 7.6 117 2.4 133 2.7 — —
Balıkesir İl Toplamı 1 544 372 286 231 577 214 781 62.2 129 054 60.1 61 198 28.5 5 248 2.4 — — 8 345 3.9 10 883 5.1 — —
Merkez İlçesi 252 69 722 42 992 39 403 61.6 25 020 63.5 9 577 24.3 1 176 3.0 1 730 4.4 1 900 4.8
Ayvalık » 60 16 353 9 600 9 093 58.7 5 107 56.2 3 031 33.3 99 1.1 — — 141 1.5 715 7.9 — —
Balya » 68 15 177 10 399 10 003 68.5 5 424 54.2 3 204 32.0 298 3.0 — — 542 5.4 535 5.4 — —
Bandırma » 97 27 519 16 800 15 653 61.0 10 4096 6.5 4 166 26.6 169 1.1 — — 266 1.7 650 4.1 — —
Bigadiç » 94 21 068 11 669 10 592 55.3 5 569 52.6 3 104 29.3 333 3.2 — — 703 6.6 883 8.3 — —
Burhaniye » 66 16 555 10 371 9 706 62.6 4 219 43.5 4 571 47.1 157 1.6 — — 243 2.5 516 5.3 — —
Dursun bey » 134 23 827 12 993 12 119 50.3 8 025 66.2 2 628 21.7 314 2.6 — — 633 5.2 519 4.3 — —
Edremit » 74 19 204 9 599 8 802 49.9 4 982 56.6 2 854 32.4 184 2.1 — — 301 3.4 481 5.5 — —
Erdek » 50 12 079 8 721 8 360 72.1 4 774 57.1 2 966 35.5 92 1.1 — — 128 1.5 400 4.8 — —
Gönen » 131 30 488 20 956 19 617 68.7 11 991 61.1 5 482 27.9 512 2.6 — — 817 4.2 815 4.2 — —
Havran » 49 12 428 7 174 6 727 57.7 4 275 63.5 1 929 28.7 119 1.8 — — 196 2.9 208 3.1 — —
İvrindi » 87 18 325 10 785 10 021 58.8 6 836 68.2 1 984 19.8 265 2.7 — — 411 4.1 525 5.2 — —
Kepsut » 78 16 186 11 228 10 293 69.3 6 601 64.1 2 395 23.3 294 2.8 — — 512 5.0 491 4.8 — —
Manyas » 71 16 534 11 648 10 577 70.4 6 226 58.9 3 024 28.6 231 2.2 — — 455 4.3 641 6.0 — —
Savaştepe » 53 11 104 7 372 6 931 66.3 4 527 65.3 1 4172 0.4 334 4.8 — — 296 4.3 357 5.2 — —
Sındırgı » 95 24 376 15 149 13 646 62.1 7 013 51.4 5 003 36.7 349 2.6 — — 496 3.6 725 5.3 — —
Susurluk » 85 21 341 14 121 13 238 66.1 8 056 60.9 3 863 29.2 322 2.4 — — 475 3.6 522 3.9 — —
Bilecik İl Toplamı 353 74 973 52 901 49 457 70.5 25 360 51.3 16 552 33.5 1 511 3.0 3 916 7.9 1 088 2.2 1 030 2.1 —
Merkez İlçesi 74 17 178 12 069 11 348 70.2 5 574 49.1 4 444 39.2 217 1.9 760 6.7 197 1.7 156 1.4
Bozüyük » 67 15 790 11 531 10 730 73.0 5 943 55.4 3 103 28.9 207 1.9 1 040 9.7 184 1.7 253 2.4 — —
Gölpazan » 82 12 900 9 869 9 235 76.5 4 855 52.6 3 120 38.8 130 1.4 629 6.8 268 2.9 233 2.5 — —
Osmaneli » 34 6 441 4 715 4 418 73.2 2 248 50.9 1 437 32.5 71 1.6 466 10.6 94 2.1 102 2.3 — —
Pazaryeri » 40 9 301 5 627 5 201 60.4 2 538 48.8 1 174 22.6 724 13.9 465 8.9 182 3.5 118 2.3 — —
Söğüt » 56 13 363 9 090 8 525 68.0 4 202 49.3 3 274 38.4 162 1.9 556 6.5 163 1.9 168 2.0 — —