XVII
2. Haziran .1968
KISMİ SENATO ÜYELERİ SEÇİMİ SONUÇLARI
İl ve İlçeler itibariyle
Seçime Katılan Siyasi Partiler ve Bağımsızların Aldıkları Oylar
SSSeeeçççmmmeeennn OOOyyy SSSeee­­­
SSSaaannn­­­ llliiisssttteeesssiiinnn­­­ kkkuuulll­­­ MMMuuuttteee­­­ çççiiimmmeee
İİİlllllleeerrr ——— İİİlllçççeeellleeerrr dddıııkkk dddeeekkkiii lllaaannnaaannn bbbeeerrr kkkaaa­­­ AP. CHP. CKMP. GP. MP. TİP. Bağımsız­
sssaaa­­­ ssseeeçççmmmeeennn­­­ ssseeeçççmmmeeennn­­­ oooyyy tttııılllmmmaaa lar
yyyııısssııı llleeerrr llleeerrr sssaaayyyııısssııı ooorrraaannnııı
sssaaayyyııısssııı sssaaayyyııısssııı %%%
Sayı % Sayı % Sayı % Sayı % Sayı % Sayı % Sayı %
Bitlis İl Toplamı 341 57 236 43 518 40 872 76.0 21 813 53.4 16 558 40.5 2 448 6.0 53 0.1
Merkez İlçesi 122 18 178 13 152 12 175 72.3 6 796 55.8 4 716 38.7 663 5.5
Adilcevaz » 34 5 794 4 276 3 981 73.8 2 289 57.5 1 501 37.7 191 4.8 — —
Ahlat » 42 6 666 5 765 5 605 86.4 1 960 35.0 3 534 63.0 111 2.0 — —
Hizan » 34 7 665 5 712 5 368 74.5 3 928 73.2 1 047 19.5 387 7.2 6 0.1
Mutki » 51 8 242 6 275 6 001 76.1 2 642 44.0 2 883 48. i 476 7.9 — —
Tatvan » 58 10 691 8 338 7 742 77.9 4 198 54.2 2 877 37.2 620 8.0 47 0.6
Bolu İl Toplamı 931 189 755 137 666 125 946 72.5 83 587 66.4 26 522 21.1 3 027 2.4 — — 7 178 5.7 4 217 3.3 1 415 1.1
Merkez İlçesi 155 31 528 23 496 21 333 74.5 14 278 66.9 5 132 24.1 412 1.9 743 3.5 589 2.8 179 0.8
Akçakoca » 55 12 198 8 725 7 963 71.5 5 422 68.1 1 596 20.1 166 2.1 — — 464 5.8 186 2.3 129 1.6
Düzce » 267 60 244 44 623 40 699 74.0 26 742 65.7 8 308 20.4 940 2.3 — — 3 015 7.4 1 159 2.9 535 1.3
Gerede » 147 30 944 20 280 18 434 65.5 14 307 77.6 1 930 10.5 454 2.5 — — 827 4.5 767 4.1 149 0.8
Göynük » 70 11 891 7 660 7 303 64.4 4 662 63.8 1 469 20.1 211 2.9 — 488 6.7 356 4.9 117 1.6
Kıbrısçık » 26 4 585 3 440 3 149 75.0 1 252 39.8 1 551 49.2 78 2.5 — 156 5.0 111 3.5 1 0
Mengen » 58 9 274 6 972 6 346 75.1 4 448 70.1 1 005 15.8 207 3.3 — — 413 6.5 244 3.8 29 1.5
Mudurnu » - 83 14 793 11 074 10 185 74.8 6 208 60.9 2 545 25.0 273 2.7 — — 638 6.3 391 3.8 130 1.3
Seben » 35 6 922 4 941 4 620 71.3 2 906 62.9 1 440 31.2 83 1.8 — — 89 1.9 83 1.8 19 0.4
Yığılca » 35 7 376 6 455 5 914 87.5 3 362 56.9 1 546 26.1 203 3.4 — — 345 5.8 331 5.6 127 2.2
Çankırı İl Toplamı 598 118 530 84 799 77 284 71.5 38 081 49.3 12 590 16.3 6 074 7.8 8 800 11.4 7 949 10.3 3 790 4.9 - —
Merkez İlçesi 125 29 676 20 000 18 321 67.3 8 554 46.7 3 158 17.2 2 150 11.8 1 722 9.4 2 035 11.1 702 3.8
Çerkeş » 62 12 046 8 455 7 770 70.1 3 096 39.8 1 830 23.6 504 6.5 1 057 13.6 821 10.6 462 5.9 — —
Eldivan » 21 4 932 4 046 3 714 82.0 1 653 44.5 375 10.1 395 10.6 482 13.0 616 16.6 193 5.2 — —
Eskipazar » 56 11 110 8 241 7 415 74.1 3 363 45.3 1 763 23.8 274 3.7 1 057 14.3 599 8.1 359 4.8 — —
İlgaz » 81 13 417 9 219 8 733 68.7 5 402 61.8 866 9.9 504 5.8 831 9.5 801 9.2 329 3.8 — —
Kurşunlu » 82 14 542 10 643 9 633 73.1 4 666 48.4 1 670 17.3 633 6.6 1 293 13.4 789 8.2 582 6.1 — —
Orta » 45 10 466 7 808 6 684 74.6 3 814 57.1 558 8.3 688 10.3 500 7.5 786 11.8 338 5.0 — —
Ovacık » 43 5 558 3 921 3 622 70.5 1 750 48.3 601 16.6 190 5.2 561 15.5 267 7.4 253 6.1 — —
Şabanözü » 37 7 930 6 115 5 559 77.1 2 817 50.7 1 001 18.0 279 5.0 667 12.0 501 9.0 294 5.3 — —
Yapraklı » 46 8 853 6 351 5 833 71.7 2 966 50.8 768 13.3 457 7.8 630 10.8 734 12.6 278 4.7 — —
Çorum İl Toplamı 1 016 232 640 143 215 128 423 61.5 54 394 42.4 26 458 20.6 3 419 2.7 11 974 9.3 9 085 7.1 4 532 3.5 18 561 14.4
Merkez İlçesi 278 60 722 43 317 38 853 71.3 16 411 42.3 9 213 23.7 788 2.0 2 535 6.5 1 741 4.5 1 011 2.6 7 154 18.4
Alaca » 128 27 381 16 694 15 435 60.9 5 124 33.2 2 245 14.5 228 1.5 804 5.2 593 3.8 657 4.3 5 784 37.5
Bayat » 54 12 739 6 078 5 384 47.7 2 493 46.3 1 114 20.7 190 3.5 797 14.8 456 8.5 241 4.5 93 1.7
İskilip » 120 31 207 14 862 13 265 47.6 5 015 37.8 3 253 24.5 503 3.8 1 513 11.4 2 510 18.9 471 3.6 — —
Kargı » 74 15 566 9 324 8 521 59.8 4 255 49.9 1 503 17.6 381 4.5 1 186 13.9 650 7.6 490 5.8 56 0.7
Mecitözü » 78 17 447 11 613 10 342 66.6 4 495 43.5 2 629 25.4 370 3.6 1 548 15.0 591 5.7 563 5.4 146 1.4
Ortaköy » 22 4 950 3 702 3 286 74.7 1 178 35.8 622 18.9 53 1.6 211 6.4 98 3.0 74 2.3 1 050 32.0
Osmancık » 96 24 014 11 293 9 878 47.0 4 848 49.1 2 249 22.8 340 3.4 1 017 10.3 628 6.3 405 4.1 391 4.0
Sungurlu » 166 38 614 26 332 23 459 68.1 10 575 45.1 3 630 15.5 566 2.4 2 363 10.1 1 818 7.7 620 2.6 3 887 16.6
Edirne İl Toplamı 523 140 828 103 886 95 366 73.7 49 118 51.5 29 510 30.9 — — 8 544 9.0 3 857 4.0 4 337 4.6 - —
Merkez İlçesi 121 34 313 21 144 19 365 61.6 11 701 60.4 4 920 25.4 1 082 5.6 752 3.9 910 4.7
Enes » 27 5 510 4 418 4 086 80.1 2 421 59.3 833 20.4 — — 400 9.8 255 6.2 177 4.3 — —
Havsa » 40 11 365 8 955 8 264 78.7 4 949 59.9 2 013 24.4 — — 597 7.2 362 4.4 343 4.1 — —
İpsala » 45 12 852 10 453 9 471 81.3 4 742 50.1 2 733 28.8 — — 1 001 10.6 524 5.5 471 5.0 — —
Keşan » 93 25 089 19 280 17 887 76.8 7 737 43.3 6 787 37.9 — — 1 855 10.4 610 3.4 898 5.0 — —
Lalapaşa » ' 33 6 105 4 856 4 503 79.5 2 553 56.7 1 260 28.0 — — 342 7.6 155 3.4 193 4.3 — —
Meriç » 39 10 425 7 350 6 751 70.5 2 974 44.1 2 669 39.5 — — 473 7.0 259 3.8 376 5.6 — —
Uzunköprü » 125 35 169 27 430 25 039 77.9 12 041 48.1 8 295 33.1 — — 2 794 11.2 940 3.7 969 3.9 — —