XVIII
2. Haziran .1968
KİSMİ SENATO ÜYELERİ SEÇİMİ SONUÇLARI
İl ve İlçeler itibariyle
Seçime Katılan Siyasi Partiler ve Bağımsızların Aldıkları Oylar
SSSeeeçççmmmeeennn OOOyyy SSSeee­­­
SSSaaannn­­­ llliiisssttteeesssiiinnn­­­ kkkuuulll­­­ MMMuuuttteee­­­ çççiiimmmeee
İİİlllllleeerrr ——— İİİlllçççeeellleeerrr dddıııkkk dddeeekkkiii lllaaannnaaannn bbbeeerrr kkkaaa­­­ AP. CHP. CKMP. GP. MP. TİP. Bağımsız­
sssaaa­­­ ssseeeçççmmmeeennn­­­ ssseeeçççmmmeeennn­­­ oooyyy tttııılllmmmaaa lar
yyyııısssııı llleeerrr llleeerrr sssaaayyyııısssııı ooorrraaannnııı
1
sssaaayyyııısssııı sssaaayyyııısssııı %%% Sayı % Sayı Yo Sayı % Sayı % Sayı % Sayı Yo Sayı
Gaziantep İl Toplamı 1 030 232 149 153 602 143 300 66.1 62 064 43.3 40 248 28.1 1 499 1.0 30 721 21.4 2 672 1.9 6 096 4.3
— —
Merkez İlçesi 400 112 218 70 051 64 684 62.4 24 469 37.8 21 019 32.5 619 1.0 14 047 21.7 1 045 1.6 3 485 5.4
Araban » 48 9 626 7 565 7 203 78.5 3 836 53.3 810 11.2 76 1.1 2 063 28.6 198 2.7 220 3.1 — —
İslahiye » 102 23 063 18 210 16 615 78.9 7 893 47.5 4 312 26.0 256 1.5 2 889 17.4 649 3.9 616 3.7 — —
Kilis » 174 33 916 18 647 17 762 54.9 9 516 53.6 3 243 18.3 158 0.9 4 235 23.8 239 1.3 371 2.1 — —
Nizip » 172 33 056 23 230 21 939 70.2 10 284 46.9 6 879 31.3 219 1.0 3 460 15.8 301 1.4 796 3.6 — —
Oğuzeli » 101 14 278 11 055 10 417 77.4 4 154 39.9 2 817 27.0 121 1.2 2 750 26.4 140 1.3 435 4.2 — —
Yavuzeli » 33 5 992 4 844 4 680 80.8 1 912 40.8 1 168 25.0 50 1.1 1 277 27.3 100 2.1 173 3.7
İçel İl Toplamı 926 231 426 151 881 141 164 65.6 71 889 50.9 41 903 29.7 3 114 2.2 13 403 9.5 5 232 3.7 5 692 4.0 — —
—
Merkez İlçesi 218 64 325 36 146 33 311 56.1 17 662 53.0 11 007 33.0 740 2.2 1 755 5.3 996 3.0 1 151 3.5
Anamur » 83 19 678 13 645 12 829 69.3 6 329 49.3 3 514 27.4 284 2.2 1 792 14.0 367 2.9 543 4.2 — —
Erdemli » 83 20 644 15 950 14 826 77.2 9 134 61.6 3 578 24.1 229 1.5 1 570 10.6 160 1.1 155 I . 1 — —
Gülnar » 71 16 440 12 621 11 610 76.7 5 189 44.7 4 133 35.6 226 2.0 1 374 11.8 265 2.3 423 3.6 — —
Mut » 93 18 382 13 005 12 371 70.7 5 494 44.4 3 134 25.3 231 1.9 1 782 14.4 1 092 8.8 638 5.2 — —
Silifke » 113 27 607 19 506 18 346 70.6 9 248 50.4 5 063 27.6 376 2.0 2 747 15.0 333 1.8 579 3.2 — —
Tarsus » 265 64 350 41 008 37 871 63.8 18 833 49.7 11 474 30.3 1 028 2.7 2 383 6.2 2 019 5.3 2 203 5.8
İzmir İl Toplamı 2 206 613 957 362 413 339 295 59.0 185 547 54.7 101 104 29.8 4 688 1.4 23 201 6.8 6 998 2.1 17 757 5.2 — —
—
Merkez İlçesi 717 229 516 122 144 114 466 53.2 67 570 59.0 30 445 26.6 1 637 1.4 5 705 5.0 2 107 1.9 7 002 6.1
Karşıyaka » 161 52 479 28 528 26 809 54.3 14 702 54.8 7 795 29.1 320 1.2 1 311 4.9 377 1.4 2 304 8.6 — —
Bayındır » 80 21 239 11 992 11 377 56.4 6 513 57.2 3 169 27.9 164 1.4 838 7.4 276 2.4 417 3.7 — —
Bergama » 188 42 194 25 275 23 570 59.9 13 564 57.6 6 313 26.8 360 1.5 1 919 8.1 603 2.6 811 3.4 — —
Bornova » 109 35 579 22 300 20 314 62.6 10 794 53.1 5 085 25.0 237 1.2 1 484 7.3 984 4.9 1 730 8.5 — —
Çeşme » 20 5 481 4 302 4 090 78.4 1 975 48.3 1 774 43.4 19 0.5 136 3.3 20 0.5 166 4.0 — —
Dikili » 42 8 870 5 713 5 374 64.4 2 636 49.0 1 895 35.3 69 1.3 349 6.5 113 2.1 312 5.8 — —
Foça » 20 5 631 4 007 3 785 71.1 1 933 51.1 1 098 29.0 36 1.0 577 15.2 41 1.1 100 2.6 — —
Karaburun » 20 4 370 3 000 2 878 68.6 1 524 52.9 1 090 37.9 19 0.7 101 3.5 41 1.4 103 3.6 — —
Kemalpaşa » 73 19 060 12 945 12 162 67.9 6 282 51.7 4 538 37.3 84 0.7 875 7.2 139 1.1 244 2.0 — —
Kınık » 52 11 500 7 365 6 723 64.0 3 541 52.7 2 266 33.7 122 1.8 423 6.3 179 2.7 192 2.8 — —
Kiraz » 60 15 667 10 152 9 391 64.7 4 784 50.9 2 598 27.7 254 2.7 1 127 12.0 290 3.1 338 3.6 — —
Menemen » 114 27 462 16 625 15 643 60.5 8X)29 51.3 4 442 28.4 283 1.8 1 735 11.1 356 2.3 798 5.1 — —
ödemiş » 244 59 806 35 485 33 238 59.3 15 667 47.1 12 289 37.0 578 1.7 3 007 9.1 721 2.2 976 2.9 — —
Seferihisar » 22 5 299 3 642 3 401 68.7 1 357 39.9 1 747 51.4 35 1.0 105 3.1 64 1.9 93 2.7 — —
Selçuk » 30 7 691 5 931 5 505 77.1 2 322 42.2 2 112 38.4 52 0.9 240 4.4 72 1.3 707 12.8 — —
Tire » 132 31 035 20 059 19 008 64.6 11 117 58.5 5 020 26.4 193 1.0 1 728 9.1 356 1.9 594 31 — —
Torbalı » 77 20 261 16 123 15 050 79.5 7 586 50.4 5 226 34.7 171 1.1 1 172 7.8 210 1.4 685 4.6 — • —
Urla » 45 10 817 6 825 6 511 63.0 3 651 56.1 2 202 33.8 55 0.8 369 5.7 49 0.8 185 2.8
Kastamonu İl Toplamı 1 267 226 176 149 751 138 777 66.2 66 726 48.1 29 206 21.1 5 437 3.9 17 380 12.5 13 918 10.0 6 117 4.4 — —
Merkez İlçesi 220 38 620 23 226 22 169 60.1 11 185 50.5 4 601 20.8 981 4.4 1 580 7.1 3 172 14.3 650 2.9
Araç » 150 24 840 17 783 16 681 71.5 7 760 46.5 3 501 21.0 646 3.9 2 128 12.7 1 899 11.4 754 4.5 — —
Azdavay » 88 16 579 11 773 10 579 71.0 4 006 37.9 2 322 21.9 461 4.4 1 866 17.6 1 064 10.1 860 8.1 — —
Bozkurt » İnebolu ilçesi içinde mütâlâa edildi.
Cide » 120 20 720 14 908 13 790 71.9 6 757 49.0 2 139 15.5 482 3.5 2 400 17.4 1 253 9.1 759 5.5 —
Çatalzeytin » 44 7 956 5 539 4 974 69.6 2 055 41.3 1 180 23.7 171 3.5 930 18.7 408 8.2 230 4.6 — —
Daday » 72 10 442 7 077 6 553 67.7 2 469 37.7 2 322 35.4 246 3.8 684 10.4 602 9.2 230 3.5 — —
Devrekani » 75 12 761 9 094 8 558 71.2 4 751 55.5 1 816 21.2 333 3.9 854 10.0 524 6.1 280 3.3 — —
İnebolu » 170 28 327 17 750 16 151 62.6 9 887 61.2 2 118 13.1 401 2.5 2 247 13.9 882 5.5 616 3.8 — —
Küre » 66 10 672 6 196 5 803 58.0 2 877 49.6 1 215 20.9 194 3.4 913 15.7 355 6.1 249 4.3 — —
Taşköprü » 166 30 512 21 080 19 656 69.0 8 764 44.6 5 991 30.5 778 4.0 2 248 11.4 1 124 5.7 751 3.8 — —
Tosya » 96 24 747 15 325 13 863 61.9 6 215 44.8 2 001 14.4 744 5.4 1 530 11.1 2 635 19.0 738 5.3 —