XIX
2. Haziran .1968
KISMİ SENATO ÜYELERİ SEÇİMİ SONUÇLARI
İl ve İlçeler itibariyle
Seçime Katılan Siyasi Partiler ve Bağımsızların Aldıkları Oylar
Seçmen Oy Se
SSSaaannn­­­ lliisstteessiinn­­ kkuull­­ MMuuttee­­ ççiimmee
İİlllleerr —— İİllççeelleerr dddıııkkk ddeekkii llaannaann bbeerr kkaa­­ AP. CHP. CKMP. GP. MP. TİP. Bağımsız­
sssaaa­­­ sseeççmmeenn­­ sseeççmmeenn­­ ooyy ttııllmmaa lar
yyyııısssııı lleerr lleerr ssaayyııssıı oorraannıı
ssaayyııssıı ssaayyııssıı
Sayı % Sayı % Sayı °/o Sayı % Sayı % Sayı % Sayı
\
Kırklareli İl Toplamı 439 118 401 90 412 83 186 76 7 44 306 53 3 26 694 32 1 6 018 7 2 2 504 3 0 3 664 4 4
Merkez İlçesi 107 29 398 21 855 19 695 74 3 10 159 51 6 6 387 32 4 1 168 5 9 1 269 6 5 712 3 6
Babaeski » 82 21 822 17 332 16 012 79 4 8 479 53 0 5 106 31 9 — — 1 447 9 0 285 1 8 695 4 3 — —
Demirköy » 22 4 311 3 484 3 252 80 8 1 939 59 6 836 25 7 — — 218 6 7 82 2 5 177 5 5 — —
Kofçaz » 18 3 157 2 501 2 373 79 2 1 219 51 4 824 34 7 — — 147 6 2 57 2 4 126 5 3 — —
Lüleburgaz » 105 29 875 22 977 21 304 76 9 11 616 54 5 6 894 32 4 — — 1 311 6 2 416 1 9 067 5 0 — —
Pehlivanköy » 15 3 773 3 214 2 971 85 1 1 669 56 2 909 30 6 — — 232 7 8 62 2 1 99 3 3 — —
Pınarhisar » 41 11 569 8 963 8 195 77 4 4 151 50 6 2 874 35 1 — — 638 7 8 172 2 1 360 4 4 — —
Vize » 49 14 496 10 086 9 384 69 5 5 074 54 1 2 864 30 5 857 9 1 161 1 7 428 4 6
Kırşehir İl Toplamı 382 85 765 61 807 57 493 72 0 19 664 34 2 7 942 13 8 3 837 6 7 23 934 41 6 2 116 3 7
Merkez İlçesi 130 32 702 21 591 20 093 66 0 6 538 32 5 2 559 12 7 1 237 6 2 8 937 44 5 822 4 1
Çiçekdağ » 77 14 655 12 499 11 920 85 2 5 831 48 9 1 632 13 7 — — 653 5 5 3 464 29 1 340 2 8 —
Kaman » 121 29 115 20 403 18 692 70 0 5 440 29 1 2 677 14 3 — — 1 379 7 4 8 410 45 0 786 4 2 —
Mucur » 54 9 293 7 314 6 788 78 7 1 855 27 3 1 074 15 8 568 8 4 3 123 46 0 168 2 5
Konya İl Toplamı 2 019 505 219 317 743 292 284 62 9 145 015 49 6 51 276 17 6 7 286 2.5 50 606 17 3 29 207 10 0 8 894 3 0
Merkez İlçesi 427 108 744 61 234 57 154 56 3 28 149 49 2 10 214 17 9 1 578 2.8 6 332 1 11 9 550 16 7 1 331 2 3
Akşehir » 136 33 698 20 028 18 353 59 4 8 086 44 0 5 450 29 7 363 2.0 2 856 15 6 820 4 5 778 4 2 — —
Beyşehir » 161 41 104 22 285 20 524 54 2 9 537 46 5 2 327 11 3 469 2.3 5 618 27 4 2 037 9 9 536 2 6 — —
Bozkır » 107 28 027 15 131 13 652 53 9 6 573 48 1 1 906 14 0 852 6.3 2 801 20 0 837 6 1 683 5 0 — —
Cihanbeyli » 85 21 746 16 796 15 701 77 2 7 379 47 0 3 570 22 7 294 1.9 2 978 19 0 999 6 3 481 3 1 — —
Çumra » 110 28 377 19 528 18 025 68 8 8 628 47 9 2 036 11 3 403 2.2 4 641 25 7 1 922 10 7 395 2 2 — —
Doğanşehir » 49 12 747 4 746 4 391 37 2 2 411 54 9 865 19 7 101 2.3 738 16 8 162 3 7 1 14 2 6 — —
Ereğli » 147 38 759 28 566 25 791 73 7 13 665 53 0 5 866 22 7 720 2.8 2 131 8 3 2 658 10 3 751 2 9 — —
Ermenek » 102 22 790 14 096 12 779 61 8 7 352 57 5 2 098 16 4 289 2.3 1 465 11 5 1 166 9 1 409 3 2 — —
Hadım » 78 16 989 9 934 9 357 58 4 4 430 47 3 1 783 19 1 204 2.2 1 142 12 2 1 543 16 5 255 2 7 — —
Ilgın » 89 23 759 14 854 13 470 62 5 6 156 45 7 2 656 19 7 223 1.7 3 681 27 3 523 3 9 231 1 7 — —
Kadınhanı » 61 13 204 9 782 9 017 74 0 4 455 49 4 1 126 12 5 124 1.4 2 449 27 2 742 8 2 121 1 3 — —
Karaman » 169 39 098 26 977 25 088 68 9 13 679 54 5 4 223 16 8 599 2.4 3 794 15 1 1 778 7 1 1 015 4 1 — —
Karapınar » 59 14 851 11 562 10 569 77 8 4 589 43 4 2 207 20 9 249 2.3 2 271 21 5 780 7 4 473 4 5 — —
Kulu » 58 14 750 12 687 11 431 86 0 5 695 49 8 1 131 9 9 167 1.5 2 702 23 6 1 444 12 6 292 2 6 — —
Sarayönü » 36 9 329 6 778 6 169 72 6 3 606 58 4 925 15 0 74 1.2 1 102 17 9 378 6 1 84 1 4 — —
Seydişehir » 69 18 797 10 853 10 055 57 7 5 895 58 6 1 579 15 7 337 3.3 1 043 10 4 691 6 9 510 5 1 — —
Yunak » 76 18 450 11 906 10 758 64 5 4 730 44 0 1 314 12 2 240 2.2 2 862 26 6 1 177 10 9 435 4 1
Malatya İl Toplamı 857 197 178 126 834 119 995 64 3 31 132 25 9 55 896 46 6 8 539 7 1 3 310 2 8 21 118 17 6
Merkez İlçesi 284 73 646 45 732 42 671 62 0 10 712 25 1 21 788 51 1 2 822 6 6 1 224 2 9 6 125 14 3
Akçadağ » 90 19 539 14 192 13 523 72 6 2 478 18 3 5 514 40 8 — — 1 045 7 7 286 2 1 4 200 31 1 — —
Arapkir » 60 10 876 7 109 6 751 65 3 1 882 27 9 3 314 49 1 — — 716 10 6 226 3 3 613 9 1 — —
Arguvan » 52 9 526 6 671 6 485 70 0 520 8 0 2 127 32 8 — — 278 4 3 161 2 5 3 399 52 1 — —
Darende » 90 17 545 11 125 10 635 63 4 2 922 27 5 5 562 52 3 — — 889 8 4 366 3 4 896 8 4 — —
Doğanşehir » 59 17 084 10 375 9 879 60 7 3 210 32 5 4 106 41 5 — — 532 5 4 245 2 5 1 786 18 1 — —
Hekimhan » 95 20 513 15 196 14 327 74 0 5 103 35 6 5 376 37 5 — — 1 421 9 9 462 3 3 1 965 13 7 — —
Pötürge » 87 18 926 9 605 9 297 50 7 2 667 28 7 5 311 57 1 — — 562 6 1 198 2 1 559 6 0 — —
Yeşilyurt » 40 9 523 6 829 6 427 71 7 1 638 25 5 2 798 43 5 274 4 3 142 2 2 1 575 24 5