XX
2. Haziran .1968
KISMİ SENATO ÜYELERİ SEÇİMİ SONUÇLARI
İl ve İlçeler itibariyle
Seçime Katılan Siyasi Partiler ve bağımsızların Aldıkları Oylar
SSSeeeçççmmmeeennn OOOyyy SSSeee­­­
SSSaaannn­­­ llliiisssttteeesssiiinnn­­­ kkkuuulll­­­ MMMuuuttteee­­­ çççiiimmmeee
İİİlllllleeerrr ——— İİİlllçççeeellleeerrr dddıııkkk dddeeekkkiii lllaaannnaaannn bbbeeerrr kkkaaa­­­ AP. CHP. CKMP. GP. MP. TİP. Bağımsız­
sssaaa­­­ ssseeeçççmmmeeennn­­­ ssseeeçççmmmeeennn­­­ oooyyy tttııılllmmmaaa lar
yyyııısssııı llleeerrr llleeerrr sssaaayyyııısssııı ooorrraaannnııı
sssaaayyyııısssııı sssaaayyyııısssııı %%%
Sayı Sayı % Sayı % Sayı % Sayı % Sayı % Sayı %
Manisa İl Toplamı 1 435 356 075 218 057 202 513 61.2 121 953 60.2 49 729 24.6 3 427 1.7 13 531 6.7 6 314 3.1 7 559 3.7
Merkez İlçesi 222 53 700 29 676 27 553 55.2 17 989 65. 3 5 583 20.3 347 1.2 1 691 6.1 791 2.9 1 152 4.2
Akhisar » 214 58 794 36 510 33 990 62.0 18 370 54. 1 10 548 31.0 483 1.4 1 816 5.4 1 026 3.0 1 747 5.1 — —
Alaşehir » 108 27 544 18 757 17 347 68.0 9 136 52.7 5 145 29.7 339 1.9 1 743 10.0 426 2.5 558 3.2 —
Demirci » 114 20 269 14 709 13 902 72.5 9 718 69.9 2 193 15.8 263 1.9 1 086 7.8 366 2.6 276 2.0 — —
Gördes » 100 18 223 10 552 10 055 57.9 6 796 67.6 1 745 17.4 223 2.2 662 6.6 295 2.9 334 3.3 — —
Kırkağaç » 65 16 779 8 988 8 442 53.5 5 731 67.9 1 795 21.3 119 1.4 399 4.8 276 3.3 122 1.4 — —
Kula » 71 16 604 11 176 10 435 67.3 6 340 60.7 2 452 23.5 208 2.0 810 7.8 364 3.5 261 2.5 — —
Salihli » ısı 39 364 25 370 23 927 64.4 13 606 56.9 6 990 29.2 401 1.7 1 483 6.2 555 2.3 892 3.7 — —
Sarıgöl » 48 12 162 7 268 6 677 59.7 3 025 45.3 2 413 26.2 155 2.3 656 9.8 219 3.3 209 3.1 — —
Saruhanlı » 92 25 136 16 677 15 257 66.3 8 390 55.0 3 898 25.6 277 1.8 1 099 7.2 657 4.3 936 6.1 — —
Selendi » 40 9 707 7 621 7 092 78.5 4 760 67.1 1 207 17.0 112 1.6 664 9.4 212 3.0 137 1.9 — —
Soma » 92 21 180 12 079 10 721 57.0 6 662 62.1 2 495 23.3 210 2.0 606 5.7 325 3.0 423 3.9 — —
Turgutlu » 118 36 613 18 674 17 115 51.0 11 430 66.8 3 265 19.1 290 1.7 816 4.7 802 4.7 512 3.0
Maraş İl Toplamı 806 202 549 138 333 128 560 68.4 59 048 45.9 32 015 24.9 10 260 8.0 6 041 4.7 21 291 16 5
—
Merkez İlçesi 249 71 893 45 103 41 637 62.7 24 412 58.6 9 163 22.0 4 791 11.5 1 425 3.4 1 846 4.5
Afşin » 100 23 079 14 695 13 540 63.6 6 779 50.1 2 995 22.1 — — — — 1 139 8.4 558 4.1 2 069 15.3
Andırın » 58 13 907 11 645 10 971 83.7 4 376 39.9 4 110 37.5 — — — — 1 524 13.9 838 7.6 123 1.1
Elbistan » 142 35 734 26 373 24 629 73.8 6 600 26.8 5 176 21.0 — — — — 442 1.8 661 2.7 11 750 47.7
Göksün » 80 16 847 12 531 11 561 74.3 5 934 51.3 3 100 26.8 — — — — 876 7.6 821 7.1 830 7.2
Pazarcık » 129 28 350 18 023 17 080 63.5 6 048 35.4 5 151 30.1 — — — — 544 3.2 1 287 7.5 4 145 24.3
T ürk oğlu » 48 12 739 9 963 9 142 78.2 4 899 53.6 2 320 25.4 944 10.3 451 4.9 528 5.8
—
Nevşehir İl Toplamı 361 95 839 57 273 52 653 59.7 22 792 43.3 9 834 18.7 3 596 6.8 15 007 28.5 1 424 2.7
Merkez İlçesi 102 30 863 16 508 15 415 53.4 9 703 62.9 2 687 17.4 925 6.0 1 811 11.8 289 1.9
Abanoz » 45 14 575 9 252 8 441 63.4 3 152 37.3 1 805 21.4 — 528 6.3 2 693 31.9 263 3.1 — —
Derinkuyu » 22 5 903 3 395 2 913 57.5 1 236 42.4 657 22.6 — — 304 10.4 615 21.1 101 3.5 — —
Gülşehir » 46 11 008 7 210 6 438 65.4 2 176 33.8 1 247 19.4 — 557 8.6 2 229 34.6 229 3.6 — —
Hacıbektaş » 41 8 556 6 250 5 865 73.0 1 134 19.3 610 10.4 — _ 235 4.0 3 659 62.4 227 3.9 — —
Kozaklı » 48 9 840 7 100 6 562 72.1 1 941 29.6 1 099 16.8 — 537 8.2 2 818 42.9 167 2.5 — —
Ürgüp » 57 15 094 7 558 7 019 50.0 3 450 49.2 1 729 24.6 510 7.3 1 182 16.8 148 2.1
—
Ordu İl Toplamı 970 243 918 182 169 166 610 74.6 69 061 41.5 57 294 34.4 3 713 2.2 19 893 11.9 6 479 3.9 10 170 6.1
— —
Merkez İlçesi 180 46 909 33 687 31 389 71.8 13 412 42.7 11 531 36.7 686 2.2 3 434 10.9 1 243 4.0 1 083 3.5
Akkuş » 64 16 863 12 997 11 868 77.0 3 993 33.7 4 640 39.1 277 2.3 1 836 15.5 561 4.7 561 4.7 — —
Aybastı » 50 13 634 10 330 9 291 75.7 2 798 30.1 4 267 45.9 160 1.7 1 277 13.8 403 4.3 386 4.2 — —
Fatsa » 140 38 059 29 678 26 787 77.9 9 148 34.2 11 649 43.5 485 1.8 2 461 9.2 869 3.2 2 175 8.1 — —
Gölköy » 65 16 302 11 416 10 070 70.0 3 373 33.5 3 614 35.9 223 2.2 1 771 17.6 467 4.6 622 6.2 — —
Korgan » 39 10 272 7 288 6 717 70.9 1 977 29.4 2 741 40.8 196 2.9 882 13.1 487 7.3 434 6.5 — —
Kumru » 49 12 152 9 322 8 083 76.7 2 780 34.4 2 329 28.8 225 2.8 1 254 15.5 413 5.1 1 082 13.4 — —
Mesudiye » 89 16 539 11 052 10 294 66.8 3 596 34.9 3 355 32.6 302 2.9 839 8.2 407 4.0 1 795 17.4 — —
Perşembe » 80 18 150 14 136 13 263 77.8 8 384 63.2 2 010 15.2 427 3.2 1 596 12.0 423 3.2 423 3.2 — —
Ulubey » 56 13 820 11 021 10 363 79.7 5 660 54.6 2 909 28.1 162 1.6 1 092 10.5 253 2.4 287 2.8 — —
Ünye » 158 41 218 31 242 28 485 75.7 13 940 48.9 8 249 29.0 570 2.0 3 451 12.1 953 3.4 1 322 4.6