2. Haziran .1968
KISMİ SENATO ÜYELERİ SEÇİMİ SONUÇLARI
İl ve İlçeler itibariyle
Seçime Katılan Siyasi Partiler ve Bağımsızların Aldıkları Oylar
SSSeeeçççmmmeeennn OOOyyy SSSeee­­­
SSSaaannn­­­ llliiisssttteeesssiiinnn­­­ kkkuuulll­­­ MMMuuuttteee­­­ çççiiimmmeee
İİİlllllleeerrr ——— İİİlllçççeeellleeerrr dddıııkkk dddeeekkkiii lllaaannnaaannn bbbeeerrr kkkaaa­­­ AP. CHP. CKMP. GP. MP. TİP. Bağımsız­
sssaaa­­­ ssseeeçççmmmeeennn­­­ ssseeeçççmmmeeennn­­­ oooyyy tttııılllmmmaaa lar
yyyııısssııı llleeerrr llleeerrr sssaaayyyııısssııı ooorrraaannnııı
sssaaayyyııısssııı sssaaayyyııısssııı %%% Sayı V. Sayı % Sayı % Sayı % Sayı % Sayı °A Sayı
\
Sinop İl Toplamı 551 127 814 90 883 82 806 71 1 31 007 37 4 25 411 30 7 4 109 5.0 9 747 11.8 9 380 11.3 3 152 3.8
Merkez İlçesi 65 18 559 13 189 12 027 71 0 2 238 18 6 6 286 52 3 638 5.3 1 506 12.5 955 7 9 404 3 4
Ayancık » 86 22 596 15 758 14 388 69 7 4 450 30 9 5 473 38 0 737 5.1 2 187 15.2 886 6 2 655 4 6 — —
Boyabat » 168 29 237 21 627 20 021 73 9 12 134 60 6 2 595 13 0 838 4.2 1 522 7.6 2 367 11 8 565 2 8 — —
Durağan » 54 12 261 9 091 8 258 74 1 3 792 45 9 956 11 6 331 4.0 916 11.1 1 941 23 5 322 3 9 — —
Erfelek » 46 11 732 8 743 7 815 74 5 1 729 22 1 3 130 40 1 365 4.7 1 148 14.7 1 159 14 8 284 3 6 — —
Gerze » 95 24 619 17 125 15 612 69 5 4 778 30 6 5 945 38 1 969 6.2 1 661 10.6 1 587 10.2 672 4 3 — —
Türkeli » 37 8 810 5 350 4 685 60 7 1 886 40 3 1 026 21 9 231 4.9 807 17.2 485 10.4 250 5 3
Sivas İl Toplamı 1 679 303 524 212 794 195 424 70 1 73 144 37 4 64 516 33 0 5 126 2.6 12 839 6.6 13 620 7 0 9 182 4 7 16 997 8.7
Merkez İlçesi 288 68 786 44 226 39 493 64 2 13 688 34 6 16 723 42 3 1 016 2.6 2 353 6.0 3 875 9 8 1 330 3 4 508 1.3
Divriği » 146 21 870 15 592 14 322 71 2 3 639 25 4 2 760 19 3 198 1.4 580 4.0 503 3 5 581 4 1 6 061 42.3
Gemerek » 65 16 966 12 613 11 729 74 3 4 095 35 0 4 405 37 5 388 3.3 991 8.4 918 7 8 853 7 3 79 0.7
Gürün » 88 14 668 10 904 10 141 74 3 4 308 42 5 3 984 39 3 160 1.6 527 5.2 252 2 5 832 8 2 78 0.7
Hafik » 156 23 175 16 674 15 800 71 9 7 351 46 5 3 589 22 7 407 2.6 1 161 7.4 1 760 11 1 829 5 2 703 4.5
İmranlı » 107 13 878 9 623 8 987 69 3 2 317 25 8 2 937 32 7 251 2.8 613 6.8 364 4 1 378 4 2 2 127 23.6
Kangal » 145 24 983 19 725 18 642 78 9 5 948 31 9 7 603 40 8 321 1.7 583 3.1 746 4 0 1 212 6 5 2 229 12.0
Koyulhisar » 66 12 647 7 778 7 260 61 5 3 538 48 7 1 535 21 2 399 5.5 807 11.1 475 6 5 506 7 0 — —
Suşehri » 161 23 722 15 787 14 757 66 5 7 789 52 8 3 584 24 3 442 3.0 1 157 7.8 1 221 8 3 564 3 8 — —
Şarkışla » 143 28 597 21 539 19 340 76 3 6 201 32 1 7 125 36 8 508 2.6 1 226 6.3 1 126 5 8 669 3 5 2 485 12.9
Yıldızeli » 166 29 800 22 323 20 204 74 9 7 608 37 6 5 059 25 0 744 3.7 1 712 8.5 1 942 9 6 943 4 7 2 196 10.9
Zara » 148 24 432 16 010 14 749 65 5 6 662 45 2 5 212 35 3 292 2.0 1 129 7.6 438 3 0 485 3 3 531 3.6
— —
Zonguldak İl Toplamı 1 182 317 383 237 312 213 980 74 7 112 423 52 5 50 565 23 6 4 927 2.3 28 646 13.4 9 736 4 6 7 683 3 6
— —
Merkez İlçesi 172 65 582 44 364 40 252 67 6 18 528 46 0 15 180 37 7 633 1.6 3 354 8.3 1-574 3 9 983 2 5
Bartın » 205 47 729 38 496 34 902 80 6 19 936 57 1 5 907 16 9 866 2.5 5 556 15.9 1 139 3 3 1 498 4 3 — —
Çaycuma » 124 32 633 27 298 24 524 83 6 12 534 51 1 5 768 23 5 526 2.1 4 002 16.3 919 3 8 775 3 2 — —
Devrek » 119 32 411 26 713 23 454 82 4 11 764 50 2 5 224 22 3 575 2.4 3 874 16.5 1 105 4 7 912 3 9 — —
Eflani » 59 10 965 7 217 6 577 65 8 3 171 48 2 1 185 18 0 292 4.5 1 073 16.3 489 7 4 367 5 6 — —
Ereğli » 168 47 095 36 735 33 380 78 0 18 786 56 3 6 456 19 3 793 2.4 4 258 12.7 1 556 4 7 1 531 4 6 — —
Karabük » 150 43 328 30 023 27 056 69 2 15 424 57 0 5 663 20 9 603 2.2 2 970 11.0 1 686 6 3 710 2 6 — —
Kurucaşile » 28 4 649 3 130 2 783 67 3 1 496 53 7 546 19 6 35 1.3 550 19.8 90 3 2 66 2 4 — —
Safranbolu » 80 16 599 10 458 9 681 63 0 5 326 55 0 1 995 20 6 271 2.8 1 165 12.0 627 6 5 297 3 1 — —
Ulus » 77 16 392 12 878 11 371 78 5 5 458 48 0 2 641 23 2 333 2.9 1 844 16.2 551 4.9 544 4 8