4. 14 Ekim 1973 Cumhuriyet Senatosu Üyeleri Seçimi sonuçlarının
il ve ilçelere göre dağılımı
SSeeççii­­ Seçim<: katılan
mmee
SSeeççmmeenn lliissttee­­ OOyy kkuullllaannaann GGeeççeerrllii
SSaannddııkk IIII vvee iillççeelleerr ssiinnddeekkii sseeçç­­ sseeççmmeenn kkaattııll­­ ooyy AP CHP
ssaayyııssıı mmaa
mmeenn ssaayyııssıı ssaayyııssıı ssaayyııssıı
oorraamm
Aldığı oy Aldığı oy
°/o
28611 GENEL TOPLAM 6 761 157 4 412 727 65.3 4 201 557 1 300 801 31.0 1 412 051 33.6
668 AĞRI İL TOPLAMI 111 444 87 666 78.3 80 397 28 190 35.0 15 503 19.3
139 Merkez (Karaköse) 25 815 18 712 72.5 17 503 5 411 30.9 4 103 23.4
61 Diyadin 10 330 8 753 84.7 8 566 1 557 18.2 644 7.5
108 Doğubeyazıt 21 163 14 284 67.5 13 387 1 045 7.8 2 557 19.1
88 Eleşkirt 14 230 10 871 76.4 10 310 6 926 67.2 1 304 12.6
47 Hamur 6 558 5 379 82.0 5 188 2 522 48.6 438 8.4
99 Patnos 16 408 12 930 78.8 12 274 6 954 56.7 3 573 29.1
41 Taşlıçay 7 058 5 004 70.9 4 795 507 1.06 1 111 23.2
85 Tutak 10 477 8 733 83.4 8 374 3 268 39.0 1 773 21.2
623 AMASYA İL TOPLAMI 142 118 98 546 69.3 91 360 23 753 26.0 23 131 25.3
183 Merkez 44 922 31 858 70.9 30 007 8 284 27.6 7 622 25.4
47 Göynücek 8 993 6 888 76.6 6 222 1 218 19.6 1 191 19.1
96 Gümüşhacıköy 21 541 15 364 71.3 14 136 2 747 19.4 4 631 32.8
126 Merzifon 28 031 18 678 66.6 17 607 4 161 23.6 4 892 27.8
68 Suluova 13 509 9 496 70.3 8 800 3 554 40.4 1 883 21.4
103 Taşova 24 917 16 173 64.9 14 594 3 784 25.9 2 912 20.0
1094 ANTALYA İL TOPLAMI 268 582 172 527 64.2 162 707 64 369 39.6 48 282 29.7
292 Merkez 81 028 50 419 62.2 47 919 19 773 41.3 16 414 34.3
64 Akseki 11 731 7 132 60.8 6 678 2 313 34.6 2 275 34.1
113 Alanya 26 370 15 183 57.6 14 058 6 252 44.5 3 033 21.6
82 Elmalı 18 655 12 458 66.8 11 643 4 711 40.5 3 782 32.5
48 Finike 10 719 7 730 72.1 7 415 3 016 40.7 2 521 34.0
50 Gazipaşa 10 538 7 501 71.2 7 101 2 176 30.6 3 323 46.8
42 Gündoğmuş 8 293 5 437 65.6 5 029 1 798 35.8 1 322 26.3
86 Kaş 21 214 12 548 59.1 11 704 5 267 45.0 1 702 14.5
83 Korkuteli 22 426 13 459 60.0 12 632 3 458 27.4 3 875 30.7
43 Kumluca 11 617 9 324 80 3 8 889 3 104 34.9 2 426 27.3
109 Manavgat 23 578 14 557 61.7 13 242 4 432 33.4 4 727 35.7
82 Serik 23 091 16 188 70.1 15 322 8 069 52.7 2 882 18.8
472 ARTVİN İL TOPLAMI 102 190 66 010 64.6 62 783 23 583 37.6 26 800 42.7
63 Merkez 12 605 8 359 66.3 8 011 3 172 39.6 3 662 45.7
57 Ardanuç 10 667 6 654 62.4 6 380 1 623 25.4 3 619 56.7
41 Ar havi 8 387 6 217 74.1 5 923 2 251 38.0 2 751 46.4
71 Borçka 17 149 12 115 70.6 11 677 4 278 36.6 4 644 39.8
43 Hopa 10 489 8 273 78.9 7 946 2 114 26.6 5 018 63.2
99 Şavşat 22 753 14 941 65.7 14 146 5 937 42.0 5 774 4.08
98 Yusufeli 20 039 9 551 47.7 9 011 4 208 46.7 1 332 14.8
74