4. 14 Ekim 1973 Cumhuriyet Senatosu Üyeleri Seçimi sonuçlarının
il ve ilçelere göre dağılımı
Seci Seçime katılan
Seçmen liste­ OOyy kkuullllaannaann me GGeeççeerrllii
Sandık İl ve ilçeler sindeki seç­ sseeççmmeenn katıl - ooyy AP CHP
sayısı men sayısı ssaayyııssıı ma ssaayyııssıı
UltUU
°/o Aldığı oy Aldığı oy %
°/o
1669 BALIKESİR İL TOPLAMI 408 274 251 583 61 6 240 322 115 012 47.9 77 564 32.3
299 Merkez 81 876 48 329 59 0 46 431 24 100 52.0 13 246 28.6
63 Ayvalık 17 844 12 126 68 0 11 779 5 385 45.7 5 454 46.3
68 Balya 15 564 10 302 66 2 9 767 3 818 39.1 2 795 28.6
119 Bandırma 35 148 21 950 62 5 21 256 11 645 54.8 7 577 35.6
103 Bigadiç 23 398 13 302 56 9 12 426 4 918 39.6 4 724 38.0
71 Burhaniye 18 131 10 017 55 2 9 676 3 354 34.7 4 866 5.03
145 Dursunbey 25 942 14 867 57 3 14 043 6 790 58.4 1 659 11.8
75 Edremit 21 396 13 897 65 0 13 399 6 434 48.0 5 670 42.3
52 Erdek 13 191 9 400 71 3 9 094 4 505 49.5 3 807 41.9
139 Gönen 31 952 18 956 59 3 18 107 9 100 50.3 4 974 27.5
52 Havran 13 264 8 387 63 2 8 059 4 246 52.7 2 299 28.5
86 İvrindi 18 449 10 964 59 4 10 385 4 533 43.6 2 667 25.7
78 Kepsut 16 981 10 529 62 0 9 912 5 710 57.6 1 904 19.2
75 Manyas 17 010 9 586 56 4 9 200 4 295 46.7 2 982 32.5
56 Savaştepe 11 091 6 987 63 0 6 571 2 430 36.6 1 606 24.4
99 Sındırgı 24 938 17 284 69 3 16 181 5 650 34.9 7 199 44 5
89 Susurluk 22 099 14 710 66 6 14 127 8 126 57.5 4 135 29.3
368 BİTLİS İL TOPLAMI 67 602 54 454 80 6 51 597 29 784 57.7
128 Merkez 21 658 16 970 78 4 15 958 8 017 50.2 — —
36 Adilcevaz 6 219 4 415 71 0 4 143 2 070 50.0 — —
47 Ahlat 7 903 7 131 90 2 6 879 3 151 45.8 — —
40 Hizan 9 474 8 568 90 4 8 368 8 102 96.8 — —
53 Mutki 8 822 6 790 77 0 6 504 896 13.8 — —
64 Tatvan 13 526 10 580 78 2 9 745 7 548 77.5 — —
430 BURDUR İL TOPLAMI 104 885 61 665 58 8 58 217 14 589 25.1 18 093 31.1
159 Merkez 38 753 22 919 59 1 21 796 5 350 24.5 7 586 34.8
19 Ağlasun 5 010 3 036 6.06 2 788 1 493 53.6 481 17.3
73 Bucak 19 079 11 035 57 8 10 403 1 940 18.6 2 248 21.6
66 Gölhisar 16 709 8 992 53 8 8 243 1 860 22.6 1 508 18.3
48 Tefenni 10 348 6 443 62 3 6 014 1 554 25.8 2 145 35.7
65 Yeşilova 14 984 9 240 61 7 8 870 2 390 27.0 4 125 46.5
871 ÇANAKKALE İL TOPLAMI 195 402 128 752 65 9 123 630 55 534 44.9 44 066 35.6
101 Merkez 25 304 16 144 63 8 15 590 6 970 44.7 5 985 38.4
80 Ayvacık 15 518 10 919 70 4 10 503 4 545 43.3 4 516 43.0
92 Bayramiç 18 485 11 592 62 7 11 091 4 000 36.1 5 053 45.6
166 Biga 39 843 25 607 64 3 24 531 11 409 46.5 7 671 31.3
4 Bozcaada 1 039 514 49 5 500 227 45.4 179 35.8
99 Çan 21 304 13 966 65 6 13 139 6 332 48.2 4 372 33.3
18 Eceabat 5 062 3 419 67 5 3 309 1 354 40.9 1 502 45.4
78 Ezine 15 290 10 773 70 5 10 374 5 327 51.3 3 725 35.9
56 Gelibolu 16 312 11 501 70 5 11 090 4 877 44.0 4 861 43.8
12 Gökçeada (İmroz) 2 867 1 728 60 3 1 661 1 086 65.4 378 22.8
59 Lapseki 12 994 8 635 66 5 8 316 4 282 51.5 2 511 3.02
106 Yenice 21 384 13 954 65 3 13 526 5 145 38.0 3 313 24.5
76