4. 14 Ekim 1973 Cumhuriyet Senatosu Üyeleri Seçimi sonuçlarının
il ve ilçelere göre dağılımı
SSeeççii­­ Seçim<; katılan
mmee
SSeeççmmeenn lliissttee­­ OOyy kkuullllaannaann GGeeççeerrllii
SSaannddııkk ttll vvee iillççeelleerr ssiinnddeekkii sseeçç­­ sseeççmmeenn kkaattııll­­ ooyy AP CHP
ssaayyııssıı mmaa
mmeenn ssaayyııssıı ssaayyııssıı ssaayyııssıı
oorraannıı
%% Aldığı oy % Aldığı oy
713 ERZİNCAN İL TOPLAMI 109 499 78 052 71 3 75 325 18 385 24 4 35 548 47.2
213 Merkez 49 191 33 950 69.0 32 686 7 866 24 1 15 530 47.5
74 Çayırlı (Mans) 12 136 8 751 72 1 8 513 2 177 25 6 4 554 53.5
62 İliç 6 237 4 777 76.6 4 615 1 899 41 1 1 512 32.8
82 Kemah 8 928 6 325 7.08 6 157 1 073 17 4 2 808 45.6
71 Kemaliye 6 656 4 315 64 8 4 146 1 149 27 7 1 158 27.9
124 Refahiye 12 359 9 61? 77 8 9 328 728 7 8 4 986 53.5
87 Tercan 14 669 10 325 70 4 9 866 3 390 34 4 5 056 51.2
1495 ERZURUM İL TOPLAMI 296 190 200 080 67 6 189 608 42 234 22 3 37 384 19.7
344 Merkez 88 968 57 929 65 1 54 448 16 157 29 7 9 589 17.6
94 Aşkale 18 171 12 205 67 2 11 623 2 585 22 2 3 284 28.3
45 Çat (Oyluklu) 9 716 6 724 69 2 6 392 1 023 16 0 1 536 24.0
127 Hınıs 20 868 15 174 72 7 14 342 1 798 12 5 3 781 26.4
95 Horasan 17 493 13 261 75 8 12 514 4 106 32 8 2 275 18.2
161 İspir 24 236 15 480 63 9 14 748 2 696 18 3 1 648 11.2
84 Karayazı 13 112 9 686 73 9 9 251 1 023 11 1 878 9.5
51 Narman 10 524 6 198 58 9 5 857 1 042 17.8 907 15.5
79 Oltu 15 199 9 880 65 0 9 339 1 366 14.6 3 161 33.8
50 Olur 8 964 5 778 64 5 5 465 1 135 20.8 1 074 19.7
111 Pasinler 19 616 14 604 74 4 13 743 4 170 3.03 1 623 11.8
82 Şenkaya 16 418 11 218 68 3 10 951 1 972 18 0 5 253 48.0
75 Tekman 11 011 9 224 83 8 8 913 1 025 11 5 1 297 14.6
97 Tortum 21 793 12 754 58 5 12 062 2 128 17 7 1 078 8.9
926 ESKİŞEHİR İL TOPLAMI (*) 232 246 155 070 66 5 148 677 61 125 41 1 47 328 31.8
548 Merkez 151 801 99 870 65 8 96 403 38 906 40 4 34 060 35.3
52 Çifteler 11 749 8 191 69 7 7 810 3 426 43 9 2 761 35.4
26 Mahmudiye 5 676 4 098 72 2 3 934 1 575 40 0 1 480 37.6
97 Mihalıççık 19 107 12 898 67 5 12 074 5 360 44 4 2 501 20.7
27 Sancakaya 6 934 4 282 61 8 4 011 1 575 39 3 812 2.02
67 Seyitgazi 12 645 8 468 67 0 8 047 4 056 50 4 2 141 26.6
119 Sivrihisar 25 717 17 231 67 0 16 392 6 372 38 9 3 510 21.4
223 HAKKARİ İL TOPLAMI 41 533 32 239 80 0 32 062 10 742 33 S 11 823 36.9
51 Merkez (Çölemerik) 10 237 8 151 79 6 7 723 2 288 29 4 2 369 30.5
41 Beytüşşebap 6 044 4 997 82 7 4 934 1 698 34 4 1 642 33.3
21 Çukurca 4 635 3 530 76 2 3 356 1 271 37 9 792 23.6
28 Şemdinli 4 585 3 795 82 8 3 762 632 16 8 2 201 58.5
29 Uludere 6 298 4 440 70 5 4 207 1 011 24 0 1 868 44.4
53 Yüksekova 9 789 8 326 85 0 8 040 3 842 47 8 2 951 36.7
(") Boş bulunan bir senatörlük için ara seçimi yapılmıştır.
78