4. 14 Ekim 1973 Cumhuriyet Senatosu Üyeleri Seçimi sonuçlarının
il ve ilçelere göre dağılımı
SSeeççii­­ Seçim*s katılan
mmee
SSeeççmmeenn lliissttee­­ OOyy kkuullllaannaann GGeeççeerrllii
SSaannddııkk İİll vvee iillççeelleerr ssiinnddeekkii sseeçç­­ sseeççmmeenn kkaattııll­­ ooyy AP CHP
ssaayyııssıı mmaa
mmeenn ssaayyııssıı ssaayyııssıı ssaayyııssıı
oorraannıı
VV
Aldığı oy % Aldığı oy %
//oo
•
926 HATAY İL TOPLAMİ 251 556 156 446 62.2 148 032 38 780 26.2 56 304 38.0
229 Merkez (Antakya) 60 210 37 705 62.6 35 783 8 930 25.0 17 352 48,5
72 Altınözü 19 195 10 250 53.4 9 701 2 512 25.9 3 437 35.5
98 Dörtyol 28 681 19 443 67.8 18 367 4 539 24.7 5 897 32.1
50 Hassa 11 088 8 874 80.0 8 419 3 '230 38.4 850 1.01
188 İskenderun 61 026 33 607 55.1 31 795 8 541 26.9 12 960 40.8
96 Kırıkhan 22 282 15 516 69.6 14 751 3 461 23.5 4 558 30.9
70 Reyhanlı 16 600 10 413 62.7 9 753 1 813 18.6 4 015 41.2
79 Samandağı 22 329 13 487 60.4 12 603 2 515 20.0 5 675 45.0
44 Yayladağı 9 715 7 151 73.6 6 860 3 239 47.2 1 560 22.7
578 İSPARTA İL TOPLAMI 138 450 86 148 62.2 82 039 50 636 61.7 10 097 12.3
151 Merkez 26 706 25 479 95.4 25 479 19 275 75.7 3 139 12.3
16 Atabey 3 407 2 655 77.9 2 549 2 086 81.8 184 7.2
86 Eğridir 17 128 11 171 65.2 10 531 7 652 72.7 1 447 13.7
35 Gelendost 8 993 4 614 51.3 4 260 2 415 56.6 865 2.03
50 Keçiborlu 9 874 7 455 75.5 7 049 4 929 70.0 1 419 20.1
32 Senirkent 8 750 6 136 70.1 5 747 4 176 72.7 536 9.3
42 Sütçüler 8 662 5 601 64.7 5 334 4 120 77.2 385 7.2
60 Şarkikaraağaç 14 865 7 057 47.5 6 448 638 10.0 561 8.7
13 Uluborlu 3 568 1 860 52.1 1 763 709 40.2 602 34.1
93 Yalvaç 26 611 14 118 53.1 12 906 4 636 35.9 959 7.4
5688 İSTANBUL İL TOPLAMI 1 749 970 1 066 382 60.9 1 027 597 297 139 28.9 507 334 49.4
33 Adalar 8 016 5 116 63.8 4 904 1 996 40.7 2 139 43.6
713 Bakırköy 214 600 127 388 59.3 122 715 34 537 28.1 65 053 53.0
304 Beşiktaş 92 423 57 939 62.7 56 437 15 911 28.2 31 638 56.1
149 Beykoz 42 397 27 921 65.9 26 953 9 092 33.7 10 888 40.4
366 Beyoğlu 119 372 71 209 59.7 68 670 18 793 27.4 33 825 49.3
203 Eminönü 66 242 38 347 57.9 37 080 9 332 25.2 18 732 50.5
257 Eyüp 121 538 74 176 61.0 70 393 18 322 26.0 34 183 48.6
681 Fatih 232 347 139 770 60.2 135 688 35 427 26.1 68 695 50.6
194 Gazi Osman Paşa 68 382 41 729 61.0 39 563 11 068 28.0 18 702 47.3
606 Kadıköy 175 998 104 345 59.3 101 430 27 398 27.0 55 458 54.7
133 Sarıyer 38 729 24 905 64.3 24 203 7 124 29.4 12 258 50.6
696 Şişli 211 137 128 014 60.6 123 169 36 550 29.7 57 555 46.7
352 Üsküdar 108 927 66 188 60.8 63 783 20 108 31.5 30 047 47.1
t —
176 Zeytinburnu 57 997 37 110 64.0 35 178 9 788 27.8 17 256 49.1
112 Çatalca 31 644 19 813 62.6 19 006 9 232 48.6 6 337 33.3
399 Kartal 106 005 66 298 62.5 63 561 17 843 28.1 32 001 50.3
67 Silivri 19 761 13 016 65.9 12 512 5 341 42.7 5 017 40.1
64 Şile 9 963 6 923 69.5 6 615 3 097 46.8 1 157 17.5
83 Yalova 23 589 16 235 68.8 15 759 6 089 38.6 6 393 40.6
80