4. 14 Ekim 1973 Cumhuriyet Senatosu Üyeleri Seçimi sonuçlarının
il ve ilçelere göre dağılımı
siyasi partilerin ve bağımsızların aldıkları oy sayısı
CGP DP MP MHP MSP TBP RağımciTİar
Aldığı oy °/o Aldığı oy °/o Aldığı oy °/o Aldığı oy / o Aldığı oy /o Aldığı oy °/o Aldığı oy
9 528 6.4 23 672 16.0 7 522 5.1 9 656 6.5 2 570 1.7
775 2.2 5 314 14.9 — — 1 079 3.0 1 228 3.4 1 015 2.8 — —
1 058 10.9 1 591 16.4 — — 291 3.0 713 7.4 99 1.0 — —
2 302 12.5 2 377 12.9 — — 1 515 8.2 1 629 8.9 118 0.6 — —
548 6.5 1 069 12.7 — — 757 9.0 1 935 23.0 30 .04 — —
1 778 5.6 5 337 16.8 — — 1 248 3.9 1 219 3.8 593 1.9 — —
1 450 9.8 2 549 17.3 — — 1 316 8.9 1 183 8.0 234 1.6 — —
877 9.0 1 246 12.8 — — 469 4.8 1 258 12.9 75 0.8 — —
432 3.4 3 434 27.2 — — 171 1.4 121 1.0 255 2.0 — —
295 4.3 755 11.0 — — 596 8.7 354 5.2 61 0.9 — —
1 621 2.0 5.090 6.2 1 177 1.4 5 344 6.5 485 0.6 7 589 9.3
271 1.1 456 1.8 — — 244 1.0 1 846 7.2 103 0.4 145 0.6
19 0.7 13 0.5 — — 17 0.7 170 6.7 8 0.3 52 2.0
204 1.9 291 2.8 — — 144 1.4 600 5.7 82 0.8 111 1.1
136 3.1 347 8.1 — — 56 1.3 297 6.9 34 0.7 110 2.5
102 1.4 129 1.8 — — 86 1.2 317 4.5 46 0.6 21 0.2
101 1.8 175 3.0 — — 229 4.0 429 7.5 39 0.7 62 1.1
160 3.0 124 2.3 — — 79 1.5 395 7.4 49 0.9 22 0.4
115 1.8 1 069 16.6 — — 47 0.7 242 3.8 26 0.4 3 750 58.2
21 1.2 73 4.1 — — 25 1.4 301 17.1 14 0.8 14 0.8
492 3.8 2 513 19.5 — — 177 1.4 743 5.8 84 0.7 3 302 25.6
29 587 2.9 73 175 7.1 18 838 1.8 86 850 8.5 14 658 1.4 16 0.0
183 3.7 248 5.1 — — 88 1.8 156 3.2 94 1.9 — —
3 077 2.5 7 883 6.4 — — 1 825 1.5 8 777 7.2 1 561 1.3 2 0.0
1671 4.7 2 262 4.0 — — 926 1.6 2 488 4.4 521 0.9 10 0.0
411 1.5 2 366 8.8 — — 626 2.3 3 420 12.7 . 145 0.5 4 0.0
1 596 2.3 5 641 8.2 — — 948 1.4 6 088 8.9 1 777 2.6 2 0.0
1 171 3.2 2 280 6.2 — — 1 031 2.8 4 028 10.9 506 1.4 — —
896 1.3 7 058 10.0 — — 1 283 1.8 7 808 11.1 843 1.2 — —
3 497 2.6 8 178 6.0 — — 3 271 2.4 15 264 11.2 1 357 1.0 — —
1 039 2.6 4 128 10.4 — — 824 2.1 3 357 8.5 445 1.1 — —
4 682 4.6 4 991 4.9 — — 1 321 1.3 6 499 6.4 981 1.0 2 0.0
708 2.9 1 630 6.7 — — 419 1.7 1 626 6.7 430 1.8 — —
3 964 3.2 9 856 8.0 — — 1 783 1.4 9 910 8.0 3 550 2.9 1 0.0
1 814 2.8 3 641 5.7 — — 932 1.5 6 609 10.4 652 1.0 — —
467 1.3 3 114 8.9 — — 787 2.2 3 091 8.8 675 1.9 — —
632 3.3 2 067 10.9 — — 211 1.1 402 2.1 125 0.7 — —
1 189 1.9 4 762 7.5 — — 915 1.4 6 028 9.5 823 1.3 — —
1 045 8.4 773 6.2 — — 105 0.8 177 1.4 54 0.4 — —
176 2.7 1 466 22.2 — — 136 2.1 551 8.3 42 0.6 — —
366 2.3 831 5.3 — — 1 219 7.7 770 4.9 98 0.6 — —
81