4. 14 Ekim 1973 Cumhuriyet Senatosu Üyeleri Seçimi sonuçlarının
il ve ilçelere göre dağılımı
SSSeeeçççiii­­­ Seçime katılan
mmmeee
SSSeeeçççmmmeeennn llliiisssttteee­­­ OOOyyy kkkuuullllllaaannnaaannn GGGeeeçççeeerrrllliii
SSSaaannndddıııkkk İİİlll vvveee iiilllçççeeellleeerrr sssiiinnndddeeekkkiii ssseeeççç­­­ ssseeeçççmmmeeennn kkkaaatttııılll­­­ oooyyy AP CHP
sssaaayyyııısssııı mmmaaa
mmmeeennn sssaaayyyııısssııı sssaaayyyııısssııı sssaaayyyııısssııı
ooorrraaannnııı
%%% Aldığı oy | V Aldığı oy
°/o
/o
1153 KARS İL TOPLAMI 266 926 182 827 68.5 173 061 32 392 18.7 82 148 47.5
129 Merkez 35 518 21 263 59.9 19 758 2 720 13.8 9 110 46.1
32 Aralık 5 582 3 820 68.4 3 583 699 19.5 1 507 42.1
96 Ardahan 26 092 17 390 66.6 16 429 2 122 12.9 10 022 61.0
113 Arpaçay 25 898 17 768 68.6 17 061 1 181 6.9 5 977 35.0
60 Çıldır 14 636 9 910 67.7 9 287 751 8.1 4 798 51.7
49 Digor 9 725 7 017 72.2 6 525 2 993 45.9 2 030 31.1
79 Göle 25 284 15 292 60.5 14 696 1 730 11.8 9 685 65.9
61 Hanak 15 262 11 825 77.5 11 461 1 193 10.4 8 690 75.8
108 İğdır 26 402 17 544 66.4 16 430 3 497 21.3 6 110 37.2
88 Kağızman 16 211 . 11 232 69.3 10 286 3 505 34.1 3 810 37.0
60 Posof 12 618 8 758 69.4 8 448 1 737 20.6 3 866 45.8
87 Sarıkamış 21 450 13 950 65.0 13 250 3 516 26.5 4 418 33.3
63 Selim 13 924 10 174 73.1 9 595 1 146 11.9 4 701 49.0
40 Susuz 9 800 6 979 71.2 6 767 590 8.7 4 525 66.9
88 Tuzluca 12 811 9 844 76.8 9 494 5 012 52.8 2 901 30.6
960 KÜTAHYA İL TOPLAMI 225 170 162 137 58.7 124 194 54 000 43.5 21 067 17.0
278 Merkez 66 302 41 171 62.1 39 226 18 251 46.5 5 961 19.2
67 Altıntaş 15 151 8 283 54.7 7 823 2 316 29.6 1 753 22.4
47 Domaniç 9 163 5 435 59.3 5 029 2 556 50.8 1 233 24.5
124 Emet 28 852 14 324 49.6 13 190 5 252 39.8 1 797 13.6
132 Gediz 31 132 19 268 61.9 18 156 7 314 40.3 2 576 14.2
154 Simav 38 046 20 045 52.7 18 728 8 172 43.6 2 506 13.4
158 Tavşanlı 36 514 23 611 64.7 22 202 10 139 45.7 5 241 23.6
976 MARDİN tL TOPLAMI 191 625 138 080 72.0 133 931 33 870 25.3 26 965 20.1
117 Merkez 26 748 16 424 61.4 155 44 2 546 16.4 1 871 12.0
48 Cizre 9 889 6 395 64.7 6 117 2 208 36.1 2 075 33.9
83 Derik 14 924 11 865 79.5 11 787 862 7.3 262 2.2
93 Gercüş 16 273 11 921 73.3 11 667 3 795 32.5 1 712 14.7
77 İdil 12 110 9 970 82.3 9 812 2 598 26.5 2 162 22.0
131 Kızıltepe 24 282 17 100 70.4 16 657 2 127 12.8 735 4.4
56 Mazıdağı 8 840 7 485 84.7 7 170 1 358 18.9 1 608 22.4
124 Midyat 30 368 22 359 73.6 22 111 9 522 43.1 6 886 31.1
93 Nusaybin 19 227 14 055 73.1 13 498 3 246 24.0 2 479 18.4
54 Ömerli 7 445 4 491 60.3 4 307 1 660 38.5 79 1.8
59 Savur 13 065 9 699 64.2 9 404 2 245 23.9 3 945 42.0
41 Silopi 8 518 6 316 74.1 5 858 1 703 29.1 3 132 53.5
446 MUŞ İL TOPLAMI 90 843 72 382 79.6 68 647 19056 14.6 11 490 16.7
188 Merkez 42 403 32 598 76.9 32 598 5 709 17.5 2 914 8.9
85 Bulanık 19 062 15 423 80.9 14 317 739 5.2 1 383 9.7
79 Malazgirt 14 738 11 668 79.2 10 903 3 023 27.7 878 8.1
94 Varto 15 046 12 716 84.5 12 467 585 4.7 6 315 50.7
82