4. 14 Ekim 1973 Cumhuriyet Senatosu Üyeleri Seçimi sonuçlarının
il ve ilçelere göre dağılımı
siyasi partilerin ve bağımsızların aldıkları oy sayısı
CGP DP MP MHP MSP TBP Bağımsızlar
Aldığı oy Aldığı oy /o Aldığı oy /o Aldığı oy °/o Aldığı oy Aldığı oy °/o Aldığı oy °/o
10 038 5.8 27 804 16.1 3 860 2.2 14 657 8.5 2 162 1.2
1 284 6.5 4 170 21.1 — — 447 2.3 1 771 9.0 256 1.3 — —
129 3.6 755 21.1 — — 180 5.0 261 7.3 52 1.5 — —
1 299 7.9 1 185 7.2 — — 256 1.6 1 335 8.1 210 1.3 — —
1 808 10.6 6 965 40.8 — — 321 1.9 683 4.3 123 0.7 — —
258 2.8 2 437 26.2 — — 215 2.3 716 7.7 112 1.2 — —
453 6.9 288 4.4 — — 206 3.2 442 6.8 114 1.7 — —
1 709 11 6 813 5.5 — — 134 0.9 477 3.2 131 0.9 — —
548 4.8 306 2.7 — — 187 1.6 252 2.2 285 2.5 — —
492 3.0 5 002 30.4 — — 768 4.7 449 2.7 112 0.7 — —
387 3.8 792 7.7 — — 258 2.5 1 393 13.5 141 1.4 —
287 3.4 662 7.8 — — 217 2.6 1 519 18.0 160 1.9 — —
556 4.2 932 7.0 — — 326 2.5 3 327 25.1 175 1.3 — —
368 3.8 1 880 19.6 — — 163 1.7 1 196 12.5 141 1.5 — —
274 4.0 811 12.0 — — 90 1.3 410 6.1 67 1.0 — —
186 2.0 797 8.4 — — 92 1.0 423 4.5 83 0.9 — —
6 226 5.0 17 780 14.3 4 245 3.4 18 818 15.2 2 058 1.7 — —
2 463 6.3 4 460 11.4 — — 1 005 2.6 6 320 16.1 766 2.0 — —
663 8.5 1 359 17.4 — — 439 5.6 1 063 13.6 230 2.9 — —
112 '2.2 361 7.2 — — 189 3.8 526 10.5 52 1.0 — —
461 3.5 1 453 11.0 — — 366 2.8 3 481 26.4 220 1.7 — —
952 5.2 4 898 27.0 — — 647 3.6 1 503 8.3 266 1.5 — —
1 056 5.6 4 233 22.6 — — 1 224 6.5 1 267 6.8 270 1.4 — —
519 2.3 1 016 4.6 — — 375 1.7 4 658 21.0 254 1.1 — —
9 007 6.7 24 687 18.4 673 0.5 15 066 11.2 23 659 17.7
456 2.9 3 074 19.8 — — 101 0.6 1 803 11.6 — — 5 693 36.6
221 3.6 790 12.9 — — 25 0.4 650 10.6 — — 148 2.4
20 0.2 5 999 50.9 — — 13 0.1 261 2.2 — — 4 370 37.1
1 771 15.2 1 277 10.9 — — 60 0.5 2 548 21.8 — — 504 4.3
975 9.9 1 069 10.9 — — 36 0.4 1 880 19.2 — — 1 092 11.1
140 0.8 6 345 38.1 — — 52 0.3 1 773 10.6 — — 5 485 32.9
274 3.8 2 337 32.6 — — 89 1.2 845 11.8 — — 659 9.2
3 722 16.8 495 2.2 — — 124 0.6 1 209 5.5 — — 153 0.7
1 117 8.3 2 577 19.1 — — 97 0.7 1 968 14.6 — — 1 990 14.7
73 1.7 128 3.0 — — 12 0.3 276 6.4 — — 2 079 48.3
154 1.6 303 3.2 — — 35 0.4 1 290 13.7 — — 1 432 15.2
85 1.5 293 5.0 — — 24 0.4 563 9.6 — — 58 1.0
1 312 1.9 4 822 7.0 314 0.5 8 836 12.9 166 0.2 31 651 46 1
413 1.3 4 028 12.4 — — 173 0.5 6 739 20.7 69 0.2 10 228 31.4
145 1.0 493 3.4 — — 42 0.3 1 096 7.7 24 0.2 10 395 72.6
722 6.6 183 1.7 — — 85 0.8 916 8.4 44 0.4 5 052 46.3
16 0.1 118 0.9 — 12 0.1 86 0.7 41 0.3 5 294 42.5
83