4. 14 Ekim 1973 Cumhuriyet Senatosu Üyeleri Seçimi sonuçlarının
il ve ilçelere göre dağılımı
Seçi­ Seçime katılan
me
SSeeççmmeenn lliissttee­­ OOyy kkuullllaannaann GGeeççeerrllii
Sandık İl ve ilçeler ssiinnddeekkii sseeçç­­ sseeççmmeenn katıl­ ooyy AP CHP
sayısı ma
mmeenn ssaayyııssıı ssaayyııssıı ssaayyııssıı
oranı
% Aldığı oy °/o Aldığı oy %
608 RİZE ÎL TOPLAMI 146 530 96 853 66.1 93 082 24 108 25.9 32 901 35.3
236 Merkez 117 211 42 086 35.9 40 458 12 223 30.2 12 305 30.4
57 Ardeşen 12 439 9 505 76.4 9 066 1 977 21.8 4 139 45.7
32 Çamlıhemşin 4 842 2 601 53.7 2 534 381 15.0 967 38.2
92 Çayeli 22 626 16 910 74.7 16 212 4 578 25.9 5 175 31.9
30 Fındıklı 8 377 5 599 66.8 5 447 1 511 27.7 2 569 47.2
44 İkizdere 7 793 4 435 56.9 4 262 691 16.2 1 456 34.2
35 Kalkandere 8 732 6 645 76.1 6 418 1 031 16.1 2 709 42.2
82 Pazar 19 997 14 343 71.7 14 101 2 980 21.1 5 224 37.0
1524 SAMSUN İL TOPLAMI 378 882 259 464 68.5 244 287 95 155 39.0 75 865 31.1
369 Merkez 107 893 71 689 66.4 67 856 26 460 39.0 24 559 36.2
98 Alaçam 21 895 16 618 75.9 15 667 6 154 39.3 5 966 38.1
215 Bafra 54 667 41 320 75.6 39 172 17 843 45.6 11 552 29.5
232 Çarşamba 60 390 38 434 63.6 35 618 15 060 42.3 10 392 29.2
117 Havza 25 750 18 968 73.7 17 792 6 140 34.5 6 512 36.6
108 Kavak 21 370 14 318 67.0 13 516 4 694 34.7 2 982 22.1
70 Ladik 13 230 9 621 72.7 8 957 2 206 24.6 1 857 20.7
138 Terme 36 879 24 263 65.8 23 115 6 382 27.6 7 055 30.5
177 Vezirköprü 36 222 24 059 66.4 22 594 10 193 45.1 4 993 22.1
694 SÜRT İL TOPLAMI 130 141 90 012 69.2 84 522 18 000 21.3 * 21 483 25.4
81 Merkez 19 240 11 594 60.3 11 164 813 7.3 3 741 33.5
97 Batman 23 631 14 888 63.0 12 967 1 332 10.3 2 875 22.2
40 Baykan 6 876 4 762 69.3 4 527 1 506 33.3 743 16.4
40 Beşiri 7 277 5 984 82.2 5 685 1 533 27.0 1 103 19.4
101 Eruh 16 171 13 402 82.9 12 982 3 270 25.2 4 077 31.4
65 Kozluk 11 891 8 870 74.6 8 431 2 697 32.0 2 253 26.7
82 Kurtalan 12 218 9 244 75.7 8 293 3 434 41.4 1 573 19.0
44 Pervari 8 339 4 890 58.6 4 700 649 13.8 1 031 21.9
39 Sason 7 241 5 540 76.5 5 411 558 10.3 1 242 23.0
51 Şirnak 9 970 5 963 59.8 5 664 1 135 20.0 1 816 32.1
54 Şirvan 7 167 4 875 68.0 4 708 1 073 22.8 1 029 21.9
1716 SİVAS İL TOPLAMI (*) 307 846 201 353 65.4 191 891 33 394 17.4 59 617 31.1
344 Merkez 83 184 53 077 63.8 49 622 7 968 16.1 14 233 28.7
146 Divriği 20 240 14 804 73.1 14 417 1 291 9.0 4 488 31.1
64 Gemerek 16 412 9 684 59.0 9 125 2 706 29.7 3 028 33.2
93 Gürün 13 666 8 807 64.4 8 541 1 353 15.8 4 044 47.3
131 Hafik 20 484 13 982 68.3 13 490 2 348 17.4 3 846 28.5
109 İmranlı 15 060 9 176 60.9 8 909 860 9.7 4 847 54.4
148 Kangal 22 950 17 290 75.3 16 674 1 909 11.4 7 383 44.3
66 Koyulhisar 12 091 7 356 60.8 6 952 1 445 20.8 1 328 19.1
154 Suşehri 22 591 15 837 70.1 15 158 6 444 42.5 1 767 11.7
145 Şarkışla 27 565 17 204 62.4 16 176 1 795 11.1 4 837 29.9
156 Yıldızeli 30 434 20 323 66.8 19 331 3 101 16.0 5 106 26.4
160 Zara 20 920 13 920 66.5 13 447 2 171 16.1 4 558 33.9
(•) Boş bulunan bir senatörlük için ara seçimi yapılmıştır.
84