4. 14 Ekim 1973 Cumhuriyet Senatosu Üyeleri Seçimi sonuçlarının
il ve ilçelere göre dağılımı
siyasi partilerin ve bağımsızların aldıkları oy sayısı
CGP DP MP MHP MSP TBP Bağımsızlar
Aldığı oy V Aldığı oy % Aldığı oy Aldığı oy Aldığı oy % Aldığı oy V Aldığı oy
°/o /o °/o
/o /o
1 918 2 1 11 431 12 3 1 919 2 1 20 805 22 4
956 2 4 2 435 6 0 — — 515 1 3 12 024 29 7 — — — —
170 1 9 1 043 11 5 — — 516 5 7 1 221 13 5 — — — —
54 2 1 635 25 1 — — 48 1 9 449 17 7 — — — —
256 1 6 3 022 18 6 — — 288 1 8 2 893 17 8 — — — —
99 1 8 397 7 3 — — 135 2 5 704 12 9 — — — —
87 2 0 354 8 3 — — 161 3 8 1 513 35 5 — — — —
72 1 1 1 417 22 1 — — 117 1 8 1 072 16 7 — — — —
389 2 8 3 363 23 8 — — 274 1 9 1 517 10 8 — — — —
6 593 2 7 25 490 10 4 4 703 1 9 33 061 13 5 3 420 1.4
1 108 1 6 6 661 9 7 — — 1 082 1 6 6 127 9 0 803 1.2 — —
378 2 4 1 732 11 2 — — 315 2 0 838 5 3 284 1.8 — —
734 1 9 3 205 8 2 — — 524 1 3 4 930 12 6 384 1.0 — —
723 2 0 2 723 7 6 — — 1 210 3 4 5 086 14 3 424 1.2 — —
347 2 0 1 365 7 7 — — 240 1 3 2 854 16 0 334 1.9 — —
553 4 1 2 320 17 2 — — 289 2 1 2 518 18 6 160 1.2 — —
1 313 14 7 591 6 6 — — 228 2 5 2 433 27 2 329 3.7 — —
582 2 5 4 269 18 5 — — 442 1 9 4 041 17 5 344 1.5 — —
698 3 1 2 703 12 0 — — 371 1 6 3 345 14 8 291 1.3 — —
18 253 21 6 14 451 17 1 871 1 0 11 464 13 6
3 850 34 8 2 111 18 9 — — 67 0 6 542 4 0 — — — —
1 879 14 5 2 047 15 8 — — 213 1 6 4 620 35 6 — — _— —
964 21 3 605 13 5 — — 52 1 1 653 14 4 — — — —.
2 214 38 9 484 8 5 — — 54 0 9 297 5 2 — — —
2 566 19 8 1 601 12 3 — — 75 0 6 1 393 10 7 — — — —
1 674 19 9 774 9 2 — — 55 0 7 978 11 6 — — — —
1 139 13 7 1 340 16 2 — — 101 1 2 706 8 5 — — — —
590 12 6 1 907 40 6 — — 55 1 2 468 10 0 — — — —
1 129 20 9 2 020 37 3 — — 47 0 9 415 7 7 — — — —
1 150 20 3 740 13 1 — — 84 1 5 820 14 5 — — — —
1 058 22 5 818 17 4 — — 67 1 4 653 13 9 — — —
3 676 1 9 12 593 6 6 8 182 4 3 49 136 25 6 25 293! 13.2
785 1 6 1 930 3 9 — — 1 756 3 5 20 202 40 7 2 648 5.3 —
178 1 2 383 2 7 — — 350 2 4 1 187 8 2 6 540 45.4 — —
336 3 7 619 6 8 — — 472 5 2 1 644 18 0 320 3.5 — —
116 1 4 437 5 1 — — 467 5 5 1 562 18 3 562 6.6 —
411 3 0 1 269 9 4 — — 520 3 9 3 070 22 8 2 026 15.0 — —
124 1 4 513 5 8 — — 281 3 2 596 6 7 1 697 19.0 — —
193 1 2 663 4 0 — 727 4 4 2 642 15 8 3 157 18.9 — —
200 2 9 1 087 15 6 666 9 6 1 924 27 7 302 4.3 — —
387 2 6 2 879 19 0 — 670 4 4 2 578 17 0 433 2.9 — —
287 1 8 820 5 1 — — 670 4 1 4 999 30 9 2 768 17.1 — —
401 2 1 1 363 7 ı _ — 866 4 5 6 417 33 2 2 067 10.7 —
257 1 9 635 4 7 — 727 5 4 2 320 17 3 2 779 20.7
85