4. 14 Ekim 1973 Cumhuriyet Senatosu Üyeleri Seçimi sonuçlarının
il ve ilçelere göre dağılımı
SSeeççii­­ Seçimi ; katılan
mmee
SSeeççmmeenn lliissttee­­ OOyy kkuullllaannaann GGeeççeerrllii
SSaannddııkk İİll vvee iillççeelleerr ssiinnddeekkii sseeçç­­ sseeççmmeenn kkaattııll­­ ooyy AP CHP
ssaayyııssıı mmaa
mmeenn ssaayyııssıı ssaayyııssıı ssaayyııssıı
oorraannıı
%% Aldığı oy % Aldığı oy
°/o
1083 TOKAT İL TOPLAMI 246 468 176 412 71 6 164 371 35 642 21 7 45 647 27.8
210 Merkez
52 Almus 11 387 8 564 75 2 8 086 1 079 13 3 3 105 38.4
74 Artova 16 132 12 270 76 1 11 566 1 854 16 0 3 438 29.7
142 Erbaa 34 902 23 948 68 6 21 683 8 940 41 2 5 276 24.3
153 Niksar 32 721 22 674 69 3 21 109 2 762 13 1 6 781 32.1
130 Reşadiye 23 579 16 964 71 9 15 686 6 486 41 3 2 804 17.9
148 Turhal 40 089 27 257 68 0 25 463 6 923 27 2 6 006 23.6
174 Zile 38 944 30 302 77 8 28 697 3 548 12 4 11 599 40.4
1054 URFA İL TOPLAMI (*) 217 631 129 327 59 4 124 727 42 307 33 9 35 349 28.3
321 Merkez 64 659 38 019 58 8 36 842 10 970 29 8 9 441 25.6
123 Akçakale 11 772 6 619 56 2 6 355 1 944 30 6 1 247 19.6
70 Birecik 15 909 9 885 62 1 9 458 3 422 36 2 3 688 39.0
86 Bozova 14 995 9 422 62 8 9 169 4 429 48 3 2 793 30.5
48 Halfeti 11 825 5 803 49 1 5 639 2 745 48 7 1 924 34.1
70 Hilvan 11 171 8 864 79 3 8 741 2 438 27 9 2 894 33.1
132 Siverek 38 391 22 869 59 6 21 874 8 385 38 3 6 667 30.5
97 Sürüç 21 501 11 738 54 6 11 275 3 605 32 0 2 707 24.0
107 Viranşehir 27 408 16 108 58 8 15 399 4 369 28 4 3 990 25.9
720 VAN İL TOPLAMI 126 766 101 114 79 8 96 270 23 726 24.6 4 716 4.9
177 Merkez 35 408 26 883 75 9 25 412 8 535 33 6 777 3.1
69 Başkale 12 178 10 741 88 2 10 401 2 963 28 5 688 6.6
34 Çatak 8 841 3 890 44 0 3 719 389 10.5 80 2.2
112 Erciş 19 784 14 969 75 7 13 996 3 567 25 5 2 073 14.8
61 Gevaş 11 239 9 117 81 1 8 860 822 9 3 230 2.6
70 Gürpınar 10 373 9 172 88 4 8 965 1 833 20.4 71 0.8
112 Muradiye 16 924 14 117 83 4 13 468 3 108 23 1 466 3.5
85 Özalp 15 084 12 225 81 0 11 450 2 509 21 9 331 2.9
923 YOZGAT İL TOPLAMI 210 888 136 236 64 6 128 221 24 275 18.9 35 546 27.7
164 Merkez 38 024 23 518 61 9 22 412 3 155 14 1 7 533 33.6
128 Akdağmadeni 25 689 17 638 68 7 16 624 2 303 13.9 2 876 17.3
89 Boğazlıyan 25 608 13 713 53 5 12 760 3 433 26.9 5 319 41.7
66 Çayıralan 17 434 8 933 51 2 8 207 2 339 28.5 3 555 43.3
123 Çekerek 25 340 18 803 74 2 17 537 2 135 12.2 4 289 24.5
73 Sarı kaya 16 930 10 260 60 3 9 700 951 9 8 1 401 14.4
134 Sorgun 30 666 21 651 70 6 20 709 3 755 18 1 6 065 29.3
65 Şefaatli 13 385 9 241 69 0 8 749 2 875 32.9 2 179 24.9
81 Yerköy 17 569 12 481 71. 0 11 485 3 330 29 0 2 329 20.3
(*) Boş bulunan bir senatörlük için ara seçimi yapılmıştır.