12 2. 14 Ekim 1979 Cumhuriyet Senatosu Üyeleri seçimi sonuçlarının il ve ilçelere göre dağılımı
Seçime katılan
SSSeeeçççmmmeeennn OOOyyy SSSeeeçççiiimmmeee
Sandık îl ve ilçeler llliiisssttteeesssiiinnndddeeekkkiii kkkuuullllllaaannnaaannn kkkaaatttııılllmmmaaa Geçeri" oy AP CHP CGP
sayısı ssseeeçççmmmeeennn ssseeeçççmmmeeennn ooorrraaannnııı sayısı
sssaaayyyııısssııı sssaaayyyııısssııı %%%
Aldığı oy % Aldığı oy % Aldığı oy %
28 892 Genel Toplam 6 868 533 4 847 156 70.5 4 730 571 2 215 053 46.8 1 378 224 25.J 117 749 2.4
671 Ağrı il toplamı 110 829 83 794 75.6 81 267 39 938 49.1 19 707 24.3 775 1.0
140 Merkez 26 402 19 629 74.3 18 716 8 940 47.8 4 466 23.9 210 1.1
62 Diyadin 8 831 6 683 75.6 6 501 2 111 32.5 2 588 39.8 34 0.5
100 Doğubeyazıt 18 549 10 693 57.6 10 392 1 885 18.1 4 419 42.5 98 0.9
88 Eleşkirt 14 849 12 147 81.8 11 788 9 771 82.9 1 162 9.9 141 1.2
48 Hamur 6 854 6 275 91.6 6 159 2 103 34.2 849 13.8 20 0.3
106 Patnos 19 153 15 357 80.2 15 057 8 687 57.7 3 589 23.8 126 0.8
42 Taşlıçay 5 826 4 561 78.2 4 385 1 798 41.0 1 425 32.5 77 1.8
85 Tutak 10 405 8 449 81.2 8 269 4 643 56.2 1 209 14.6 69 0.8
649 Amasya il toplamı 142 148 117 404 82.6 114 166 57 467 50.3 37 839 33.1 1 988 1.7
189 Merkez 47 602 38 253 80.4 37 004 17 178 46.4 13 240 35.8 655 1.8
50 Göynücek 8 632 7 495 86.8 7 272 3 226 44.4 2 453 33.7 94 1.3
93 Gümüşhacıköy 21 749 18 212 83.7 17 758 7 922 44.6 7 626 42.9 303 1.7
130 Merzifon 27 631 21 402 77.5 21 075 10 950 52.0 6 917 32 8 311 1.5
80 Suluova 16 784 13 264 79.0 13 005 8 142 62.6 2 891 22.2 228 1.8
107 Taşova 23 849 18 778 78.7 18 052 10 049 55.7 4 712 26.1 397 2.2
1273 Antalya il toplamı 308 845 239 895 77.7 233 407 154 259 66.1 53 817 23.1 2 981 1.3
383 Merkez 104 829 75 405 72.0 74 007 48 839 66.0 17 929 24.2 890 1.2
65 Akseki 10 624 7 933 74.7 7 661 4 133 54.0 2 360 30.8 131 1.7
126 Alanya 28 964 22 680 78.3 21 782 15 571 71.5 3 871 17.8 267 1.2
87 Elmalı 19 970 15 879 79.5 15 504 9 762 63.0 4 259 27.5 148 1.0
48 Finike 11 735 9 549 81.4 9 318 5 914 63.5 2 383 25.6 82 0.9
51 Gazipaşa 12 179 9 844 80.8 9 461 4 658 49.2 3 473 36.7 156 1.7
42 Gündoğmuş 8 253 6 738 81.6 6 423 4 167 64.9 1 281 19.9 159 2.4
89 Kaş 21 545 17 652 81.9 16 955 13 213 77.9 2 340 13.8 226 1.4
94 Korkuteli 22 389 16 917 75.6 16 440 9 765 59.4 4 290 26.1 290 1.8
45 Kumluca 13 263 11 271 85.0 11 005 7 465 67.8 2 558 23.3 111 1.0
123 Manavgat 28 438 22 457 79.0 21 806 12 975 59.5 5 977 27.4 291 1.4
120 Serik 26 635 23 570 87.4 23 046 17 797 77.2 3 096 13.4 230 1.0
494 Artvin il toplamı 95 459 61 874 64.8 60 229 31 496 52.3 24 202 40.2 — —
68 Merkez 12 772 8 726 68.3 8 476 3 970 46.8 4 017 ¿7.4
58 Ardanuç 9 850 4 956 50.3 4 794 937 19.6 3 501 73.0 — —
42 Arhavi 8 461 6 534 77.2 6 370 3 914 61.5 2 050 32.2 — —
78 Borçka 17 562 13 531 77.0 13 296 8 032 60.4 4 563 34.3 — —
46 Hopa 10 913 7 924 72.6 7 771 2 977 38.3 4 301 55.4 — —
101 Şavşat 17 897 7 930 44.3 7 628 3 893 51.0 2 852 37.4 — —
101 Yusufeli 18 006 12 273 68.2 11 894 7 773 65.4 2 918 24.5