2. 14 Ekim 1979 Cumhuriyet Senatosu Üyeleri seçimi sonuçlarının il ve ilçelere göre dağılımı 13
siyasi partilerin ve bağımsızların aldıkları oy sayısı
MHP MSP SDP TBP TİP TSİP Bağımsızlar
;ı oy Aldığı oy % Aldığı oy /o Aldığı oy % Aldığı oy % Aldığı oy % Aldığı oy %
12 241 6.6 459 040 9.7 33 548 0.7 55 774 1.1 33 720 0.7 62 105 1.3 63 093 1.3
657 0.8 18 901 23.3 362 0.4 — — 483 0.6 444 0.5 — —
161 0.9 4 483 23.9 104 0.6 159 0.8 193 1.0 —
14 0.2 1 671 25.7 22 0.4 35 0.5 26 0.4
— — — —
68 0.7 3 604 34.7 110 1.1 — — 101 1.0 107 1.0 — —
67 0.6 536 4.5 30 0.3 40 0.3 41 0.3
— — — —
9 0.2 3 144 51.0 7 0.1 — — 12 0.2 15 0.2 — - -
37 0.3 2 493 16.6 28 0.2 78 0.5 19 0.1
— — — —
33 0.7 962 22.0 45 1.0 — — 23 0.5 22 0.5 — —
268 3.2 2 008 24.3 16 0.2 35 0.4 21 0.3
6 202 5.4 6 447 5.7 778 0.7 1 765 16 883 0.8 797 0.7 — —
2 124 5.7 2 148 5.8 266 0.7 778 2.1 425 1.2 190 0.5 — —
767 10.5 514 7.1 51 0.7 99 1.4 42 0.6 26 0.3
— —
439 2.5 724 4.1 136 0.8 235 1.3 94 0.5 279 1.6 • — —
1 171 5.5 947 4.5 129 0 6 405 1.9 99 0.5 146 0.7 — —
708 5.4 760 5.8 58 0.5 119 0.9 64 0.5 35 0.3
— —
993 5.5 1 354 7.5 138 0.7 129 0.7 159 0.9 121 0.7
7 731 3.3 6 136 2.6 1 445 0.6 1 433 0.6 1 190 0.5 1 313 0.6 3 102 1.3
1 448 1.9 1 877 2.6 499 0.7 324 0.4 359 0.5 489 0.7 1 353 1.8
238 3.1 389 5.0 52 0.7 77 1.0 88 1.2 91 1.2 102 1.3
1 055 4.8 490 2.3 104 0.5 181 0.8 91 0.4 92 0.4 60 0.3
523 3.4 296 1.9 66 0.4 83 0.5 54 0.3 52 0.3 261 1.7
303 3.3 226 2.4 70 0.7 60 0.6 92 1.0 49 0.5 139 1.5
477 5.0 278 2.9 82 0.9 99 1.1 66 0.7 84 0.9 88 0.9
403 6.2 159 2.4 57 0.9 94 1.4 46 0.7 30 0.4 37 0.6
352 2.1 326 1.9 99 0.6 106 0.6 72 0.4 56 0.3 165 1.0
699 4.2 728 4.4 111 0.7 104 0.6 80 0.5 95 0.6 277 1.7
206 1.9 363 3.3 98 0.9 68 0.6 31 0.3 46 0.4 59 0.5
1 073 4.9 639 2.9 133 0.6 147 0.7 134 0.6 148 0.7 289 1.3
954 4.2 365 1,6 74 0.3 100 0.4 77 0.3 81 0.4 272 1.2
713 1.2 2 268 3.8 477 0.8 435 0.7 314 0.5 324 0.5 — —
41 0.5 261 3.1 62 0.7 49 0.6 45 0.5 31 0.4 — —
29 0.6 167 3.5 63 1.3 25 0.5 43 0.9 29 0.6 — —
59 0.9 218 3.4 52 0.8 30 0.5 26 0.4 21 0.3 — —
115 0.9 327 2.5 74 0.6 86 0.6 46 0.3 53 0.4 — —
118 1.5 184 2.4 63 0.8 43 0.5 36 0.5 49 0.6 — —
110 1.5 476 6.2 72 1.0 79 1.0 61 0.8 85 1.1 — —
241 2.0 635 5.3 91 0.8 123 1.0 57 0.5 56 0.5