14 2. 14 Ekim 1979 Cumhuriyet Senatosu Üyeleri seçimi sonuçlarının il ve ilçelere göre dağılımı
S eçime katılan
SSeeççmmeenn OOyy SSeeççiimmee
SSaannddııkk İİll vvee iillççeelleerr lliisstteessiinnddeekkii kkuullllaannaann kkaattııllmmaa GGeeççeerrllii ooyy AP CHP CGP
ssaayyııssıı sseeççmmeenn sseeççmmeenn oorraannıı ssaayyııssıı
ssaayyııssıı ssaayyııssıı %%
Aldığı oy % Aldığı oy % Aldığı oy %
1732 Balıkesir il toplamı 430 243 327 024 76.0 319 212 188 080 58.9 84 912 26 6 6 690 2 1
336 Merkez 95 695 72 562 75.8 71 085 44 857 63 1 16 229 22 8 1 371 1 9
63 Ayvalık 18 782 13 587 72.3 13 365 6 846 51 2 5 024 37 6 171 1 3
64 Balya 13 894 11 051 79.5 10 751 6 130 57.0 2 859 26 6 304 2 8
130 Bandırma 42 949 29 629 63.0 29 289 18 039 61,6 8 056 27 5 659 2 2
105 Bigadiç 23 591 18 405 78.0 17 893 10 094 56 4 4 965 27 7 427 2 4
77 Burhaniye • 19 357 13 687 70.7 13 399 5 998 44 8 5 779 43 1 182 1 4
134 Dursunbey 23 165 19 070 82.3 18 210 10 820 59 4 2 474 13 6 451 2 5
87 Edremit 23 452 16 977 72.4 16 594 9 269 55 9 5 749 34 6 274 1 7
54 Erdek 14 121 10 211 72.3 10 048 5 744 57 2 3 478 34 6 242 2 4
146 Gönen 33 213 25 172 75.8 24 607 14 015 57 0 6 204 25 2 650 2 6
53 Havran 13 622 11 112 81.6 10 880 6 489 59 6 3 231 29 7 189 1 7
89 İvrindi 19 776 14 848 75.1 14 383 8 275 57 5 3 237 22 5 313 2 2
78 Kepsut 16 396 13 198 80.5 12 694 8 713 68 6 2 262 17 8 280 2 2
72 Manyas 16 506 12 193 73.9 11 902 6 896 59 9 3 162 26 6 280 2 3
57 Savaştepe 10 845 9 026 83.2 8 790 5 413 61 6 1 811 20 6 189 2 1
98 Sındırgı 22 248 18 554 83.4 17 929 9 220 51 4 6 181 34 5 318 1 8
89 Susurluk 22 631 17 742 78.4 17 393 11 262 64 8 4 211 24 2 390 2 2
388 Bitlis il toplamı 63 730 48 818 76.6 47 481 17 482 36 8 8 830 18 6 11 449 24 1
131 Merkez 19 487 14 133 72.5 13 690 3 366 24.6 2 862 20 9 3 729 27 2
38 Adilcevaz 5 302 4 143 78.1 4 026 1 797 44.6 1 034 25 7 675 16 8
45 Ahlat 6 085 5 145 84.6 5 053 1 393 27.6 1 307 25 9 1 297 25 7
45 Hizan 9 017 7 302 81 0 7 115 5 527 77.7 786 11 0 79 1 1
56 Mutki 8 789 6 893 78.4 6 721 1 009 15.0 1 277 19 0 3 517 52 3
73 Tatvan 15 050 11 202 74.4 10 876 4 390 40.3 1 564 14 4 2 152 19 8
440 Burdur il toplamı 108 653 81 253 74.8 78 528 40 345 51 4 22 599 28 8 1 395 1 8
>
170 Merkez 41 531 30 240 72.8 29 380 13 747 46 8 10 829 36 8 429 1 5
22 Ağlasun 5 236 4 300 95.7 4 114 2 703 65 7 737 17 9 102 2 5
72 Bucak 19 973 15 797 97.0 15 307 9 196 60 1 2 644 17 2 272 1 8
68 Gölhisar 17 682 12 858 76.2 12 373 7 100 57 4 2 532 20 5 220 1 8
44 Tefenni 10 806 8 163 95.6 7 802 3 656 46 9 2 240 28 7 210 2 7
64 Yeşilova 13 425 9 895 96.5 9 552 3 943 41 3 3 617 37 9 162 1 7
927 Çanakkale il toplamı 205 032 159 892 78.0 157 030 93 187 59 4 47 119 30 0 2 644 1 7
114 Merkez 30 020 23 321 77.7 23 004 13 969 60 7 7 314 31 8 281 1 2
82 Ayvacık 15 813 12 559 79.4 12 370 6 503 52 6 4 733 38 3 178 1 4
100 Bayramiç 17 960 14 087 78.4 13 787 7 307 53 0 5 129 37 2 245 1 8
182 Biga 40 518 30 807 76.0 30 327 18 095 59 7 7 857 25 9 562 1 9
4 Bozcaada 935 668 71.4 656 309 47 1 288 43 9 11 1 7
107 Çan 22 890 18 276 79.8 17 998 11 496 63 9 4 363 24 2 360 2 0
20 Eceabat 5 261 4 040 76.8 3 969 1 944 49 0 1 723 43 4 70 1 8
75 Ezine 16 597 13 111 79.0 12 870 8 052 62 6 3 671 28 5 189 1 5
62 Gelibolu 17 549 13 186 75.1 12 919 6 346 49 1 5 592 43 3 205 1 6
10 İmroz (Gökçeada) 2 264 1 582 70.0 1 512 825 54 6 427 28 2 46 3 0
60 Lapseki 13 125 10 498 80.0 10 214 6 558 64 2 2 665 26 1 140 1 4
111 Yenice 22 100 17 757 80.3 17 404 11 783 67 7 3 357 19 3 357 2 0