2. 14 Ekim 1979 Cumhuriyet Senatosu Üyeleri seçimi sonuçlarının il ve ilçelere göre dağılımı 15
siyasi partilerin ve bağımsızların aldıkları oy sayısı
MHP MSP SDP TBP TİP TSİP Bağımsızlar
Aldığı oy % Aldığı oy °/o Aldığı oy 7» Aldığı oy % Aldığı oy % Aldığı oy 7o Aldığı oy 7o
13 244 4.1 18 394 5.8 2 399 0.8 1 577 0.5 1 943 0.6 1 973 0.6 —
3 118 4.4 4 074 5.7 458 0.7 315 0.5 315 0.4 348 0.5 —
779 5.8 260 2.0 109 0.8 31 0.2 63 0.5 82 0.6 — —
436 4.1 580 5.4 114 1.1 102 0.9 179 1.7 47 0.4 —
785 2.7 938 3.2 247 0.8 79 0.3 194 0.7 292 1.0 — —
662 3.7 1 237 6.9 175 1.0 120 0.7 119 0.7 94 0.5 — —
388 2.9 687 5.1 102 0.8 36 0.3 47 0.3 180 1.3 — —
986 5.4 3 066 16.8 102 0.6 124 0.7 105 0.6 82 0.4 — —
375 2.3 533 3.2 123 0.7 48 0.3 117 0.7 106 0.6 — —
89 0.9 301 3.0 83 0.8 20 0.2 31 0.3 60 0.6 — —
1 428 5.8 1 686 6.9 144 0.6 100 0.4 159 0.6 221 0.9 — —
196 1.8 552 5.1 67 0.6 62 0.6 55 0.5 39 0.4 — —
1 224 8.5 892 6.2 135 1.0 132 0.9 105 0.7 70 0.5 — —
317 2.5 824 6.5 75 0.6 96 0.8 78 0.6 49 0.4 — —
574 4.8 663 5.6 82 0.7 66 0.6 58 0.5 121 1.0 — —
838 9.5 337 3.8 59 0.7 58 0.7 62 0.7 23 0.3 — —
698 3.9 1 156 6.4 118 0.7 107 0.6 74 0.4 57 0.3 — —
351 2.0 608 3.5 206 1.2 81 0.5 18? 1.0 102 0.6 — —
559 1.2 8 287 17.4 171 0.4 — — 152 0.3 551 1.2 — —
80 0.6 3 217 23.5 58 0.4 — 50 0.4 328 2.4
13< 3.4 343 8.5 15 0.4 — — 14 0.3 12 0.3 — —
215 4.2 808 16.0 18 0.4 — — 7 0.1 8 0.1 — —
39 0.6 624 8.8 15 0.2 — — 28 0.4 17 0.2 — —
21 0.3 835 12.4 26 0.4 — — 13 0.2 2: 0.4 — —
68 0.6 2 460 22.6 39 0.4 — — 40 0.4 163 1.5 — —
8 994 11.5 3 234 4.1 505 0.6 497 0.6 392 0.5 567 0.7 — —
2 597 8.8 1 224 4.2 134 0.5 148 0.5 132 0.4 140 0.5
286 7.0 169 4.1 30 0.7 30 0.7 26 0.6 31 0.8 — —
2 274 14.8 606 4.0 81 0.5 105 0.7 59 0.4 70 0.5 — —
1 546 12.5 613 4.9 98 0.8 91 0.7 84 0.7 89 0.7 — —
1 334 17.1 . 137 1.7 75 1.0 51 0.6 38 0.5 61 0.8 — —
957 10.0 485 5.1 87 0.9 72 0.7 53 0.6 176 1.8 — —
3 535 2.3 6 815 4.3 1 154 0.7 738 0.5 843 0.5 995 0.6 — —
287 1.2 546 2.4 154 0.7 112 0.5 156 0.7 185 0.8
264 2.1 356 2.9 89 0.7 66 0.5 44 0.4 137 1.1 — —
159 1.1 497 3.6 103 0.8 86 0.6 107 0.8 154 1.1 — —
669 2.2 2 526 8.3 222 0.7 123 0.4 153 0.5 120 0.4 — —
25 3.8 9 1.4 3 0.4 2 0.3 7 1.1 2 0.3 — —
620 3.5 818 4.5 124 0.7 78 0.4 63 0.4 76 0.4 — —
17 0.4 102 2.6 45 1.1 18 0.4 30 0.8 20 0.5 — —
248 1.9 387 3.0 109 0.8 50 0.4 84 0.7 80 0.6 — —
135 1.0 340 2.6 115 0.9 52 0.4 62 0.5 72 0.6 — —
116 7.7 27 1.8 28 1.9 8 0.5 18 1.2 17 1.1 — —
211 2.1 462 4.5 62 0.6 38 0.4 35 0.3 43 0.4 — —
784 4.5 745 4.3 100 0.6 105 0.6 84 0.5 89 0.5 — —