16 2. 14 Ekim 1979 Cumhuriyet Senatosu Üyeleri seçimi sonuçlarının il ve ilçelere göre dağılımı
Seçime katılan
Seçmen Oy SSeeççiimmee
Sandık İl ve ilçeler listesindeki kullanan kkaattııllmmaa Geçerli oy AP CHP CGP
sayısı seçmen seçmen oorraannıı sayısı
00//
sayısı sayısı /a
Aldığı oy % Aldığı oy % Aldığı oy %
726 Erzincan il toplamı 100 995 84 112 83.3 82 440 34 324 41 6 28 629 34 7 781 1.0
222 Merkez 49 874 41 813 83.8 40 986 17 716 43 2 13 557 33 1 265 0.6
73 Çayırlı 9 920 8 346 84.1 8 213 2 801 34 1 3 597 43 8 68 0.8
62 İliç 5 458 4 587 84.0 4 467 1 717 38 4 1 275 28 6 51 1.2
83 Kemah 7 866 6 359 80.8 6 222 2 142 34 4 2 171 34 9 71 1.1
76 Kemaliye 5 462 4 152 76.0 4 046 1 425 35 2 1 250 30 9 126 3.1
123 Refahiye 10 583 9 177 86.7 9 057 5 179 57 2 2 376 26 3 102 1.1
87 Tercan 11 829 9 678 81.8 9 449 3 344 35 4 4 403 46 6 98 1.0
1534 Erzurum il toplamı 277 284 223 864 80.7 217 922 109 421 50 2 30 116 13 8 2 857 1.3
379 Merkez 97 890 75 92? 77.5 73 994 42 625 57 6 7 205 9 7 782 1.1
93 Aşkale 16 373 14 046 85.8 13 79? 6 600 47 9 2 559 18 6 156 1.1
48 Çat 8 974 7 538 84.0 7 402 3 528 47 7 1 504 20 3 104 1.4
119 Hınıs 15 969 12 190 76.3 12 012 5 191 43 2 3 132 26 1 78 0.6
95 Horasan 14 675 12 427 85.0 11 946 6 534 54 7 1 286 10 8 128 1.1
166 İspir 23 619 18 395 78.0 17 747 7 950 44 8 2 574 14 5 287 1.6
86 Karayazı 10 496 8 707 83.0 8 774 5 003 58 3 815 9 5 32 0.4
50 Narman 7 505 5 970 79.5 5 724 2 171 37 9 488 8 139 2.4
85 Oltu 14 549 12 017 83.0 11 660 4 814 41 3 1 205 10 3 188 1.6
50 Olur 7 670 6 347 83.0 6 062 2 093 34 5 700 11 5 127 2.1
111 Pasinler 17 984 16 046 89.2 15 563 9 766 62 8 1 191 7 7 219 1.4
83 Şenkaya 14 362 11 469 80.0 11 139 3 802 34 2 5 090 45 7 247 2.2
76 Tekman 9 249 8 119 88.0 7 996 2 554 32 0 1 501 18 8 14 0.2
93 Tortum 17 969 14 671 82.0 14 309 6 790 47 5 865 6 0 351 2.5
253 Hakkâri il toplamı 41 520 33 201 80 0 32 276 13 307 41 2 10 823 33 5 222 0.7
50 Merkez 11 338 9 256 82.0 8 930 4 701 52 6 1 841 20 6 66 0.7
43 Beytüşşebap 4 383 3 703 84.5 3 651 1 606 44 0 1 317 36 1 6 0.1
21 Çukurca 3 615 2 715 75.1 2 619 1 571 60 0 672 25 7 55 2.1
30 Şemdinli 4 042 2 923 72.3 2 894 1 139 39 4 851 29 4 11 0.4
39 Uludere 7 076 5 211 74.0 5 099 1 591 31 2 2 216 43 5 59 1.2
70 Yüksekova 11 066 9 393 85.0 9 083 2 699 29 7 3 926 43 2 25 0.3
1074 Hatay il toplamı 299 805 221 457 73.9 216 648 83 822 38 7 89 914 41 5 1 564 0.7
264 Merkez 76 386 60 047 78.6 58 757 19 948 34 0 30 904 52 6 306 0.5
66 Altınözü 16 380 11 398 69.6 11 069 4 643 42 0 3 678 33 2 127 1.1
126 Dörtyol 37 498 28 176 75.1 27 551 13 479 48 9 7 197 26 1 232 0.8
56 Hassa 12 358 10 857 87.8 10 621 6 168 58 1 1 166 11 0 112 1.1
246 İskenderun 77 888 53 938 69.2 52 902 19 795 37 4 23 267 44 0 411 0.8
99 Kırıkhan 24 813 18 498 74.5 18 152 8 94? 49 2 4 710 25 9 174 1.0
72 Reyhanlı 18 243 12 163 66.7 11 849 3 660 30 9 5 066 42 7 68 0.6
101 Saman dağı 26 940 18 306 67.9 17 847 2 499 14 0 12 505 70 .1 55 0.3
44 Yayladağı 9 299 8 074 86.9 7 899 4 688 59 3 1 421 18 .0 79 1.0