2. 14 Ekim 1979 Cumhuriyet Senatosu Üyeleri seçimi sonuçlarının il ve ilçelere göre dağılımı 17
siyasi partilerin ve bağımsızların aldıkları oy sayısı
I
MHP MSP SDP TBP TİP TSÎP Bağımsızlar
lığı oy % Aldığı oy /o Aldığı oy % Aldığı oy /o Aldığı oy /o Aldığı oy /o Aldığı oy V
/o
13 794 16.7 3 069 3.7 633 0.8 464 0.6 399 0.5 347 0.4
7 613 18.6 1 03t 2.5 242 0.6 178 0.4 185 0.5 194 0.5
1 344 16.4 210 2.5 80 . 1.0 49 0.6 33 0.4 31 0.4 _
1 170 26.2 125 2.8 37 0.8 45 1.0 28 0.6 19 0.4
882 14.2 791 12.7 45 0.7 60 1.0 37 0.6 23 0.4
579 14.3 515 12.7 45 1.1 43 1.1 33 0.8 30 0.8 _
1 017 11.2 264 2.9 35 0.4 40 0.4 24 0.3 20 0.2
1 189 12.6 128 1.4 149 1.6 49 0.5 59 0.6 30 0.3
— —
_
34 499 15.9 38 175 17.5 999 0.5 — — 948 0.4 907 0.4
11 841 16.0 10 920 14.8 204 0.3 189 0.2 223 0.3
3 051 22.1 1 229 8.9 112 0.8 — — 45 0.3 40 0.3
849 11.5 1 320 17.8 24 0.3 — — 29 0.4 44 0.6
757 6.3 2 671 22.2 69 0.6 — — 44 0.4 70 0.6
2 026 17.0 1 874 15.7 29 0.2 — — 40 0.3 2-) 0.2
2 275 12.8 4 J52 24.5 94 0.6 — — 142 0.8 73 0.4
284 3.3 2 347 27.4 20 0.2 — — 33 0.4 40 0.5
1 411 24.7 1 399 24.5 30 0.5 — — 39 0.7 47 0.8
3 376 29.0 1 863 16.0 74 0.6 — — 72 0.6 68 0.6
1 967 32.5 1 020 16.8 66 1.1 — — 48 0.8 41 0.7
2 665 17.1 1 566 10.0 45 0.3 — — 60 0.4 51 0.3
1 266 11.4 449 4.0 126 1.1 — — 103 0.9 56 0.5
36 0.4 3 782 47.3 36 0.4 — — 21 0.3 52 0.6 _
2 695 18.8 3 383 23.6 70 0.5 8? 0.6 73 0.5
— —
— — 5 784 17.9 148 0.5 — — 236 0.7 1 756 5.5
— — 1 855 20 8 40 0.5 71 0.8 356 4.0
— — 409 11.2 4 0.1 — — 18 0.5 291 8.0
— — 236 9.0 23 0.9 — — 24 0.9 38 1.4 .
— 783 27.0 9 0.3 — 8 0.3 93 3.2
— — 292 5.7 38 0.7 — 83 1.6 820 16.1
2 209 24.3 34 0.4 32 0.4 158 1.7
— —'
22 097 10.2 11 638 5.4 916 0.4 801 0 4 1 194 0.5 3 310 1.5 1 392 0.7
4 463 7.6 1 639 2.8 193 0.3 186 0 3 495 0.8 405 0.7 218 0.4
780 7.1 1 293 11.7 61 0.6 62 0 6 72 0 6 116 1.0 237 2.1
3 931 14.3 2 272 8.3 120 0.4 96 0.4 86 0.3 66 0.2 72 0 3
1 724 16.2 1 264 11.9 33 0.3 56 0 5 48 0.5 35 0 3 15 0.1
5 301 10 0 2 866 5.5 285 0.5 183 0 3 197 0.4 377 0.7 220 0.4
3 080 17.0 928 5.1 67 0.4 62 0 3 85 0.5 53 0.3 51 0.3
1 491 12.6 961 8.1 63 0.5 34 0.3 60 0.5 57 0.5 389 3.3
113 0.6 80 0.4 66 0.4 68 0.4 102 0.6 2 178 12.2 182 1.0
1 214 15.4 335 4.2 28 0.4 54 0.7 49 0.6 23 0.3 8 0.1
I