18 2. 14 Ekim 1979 Cumhuriyet Senatosu Üyeleri seçimi sonuçlarının il ve ilçelere göre dağılımı
Se çime katılan
SSeeççmmeenn OOyy SSeeççiimmee
SSaannddııkk İİll vvee iillççeelleerr lliisstteessiinnddeekkii kkuullllaannaann kkaattııllmmaa GGeeççeerrllii ooyy AP CHP CGP
ssaayyııssıı sseeççmmeenn sseeççmmeenn oorraannıı ssaayyııssıı
ssaayyııssıı ssaayyııssıı %%
Aldığı oy V Aldığı oy /o Aldığı oy %
/o
590 İsparta il toplamı 142 394 102 028 71.7 99 222 72 085 72.6 11 963 12.1 1 383 1.4
164 Merkez 45 908 34 018 74.1 33 514 26 611 79.4 3 080 9.2 303 0.9
18 Atabey 3 351 2 598 77.5 2 538 2 138 84.3 237 9.3 15 0.6
88 Eğridir 18 042 13 496 74.8 13 062 9 461 72.4 1 958 15.0 175 1.4
33 Gelendost 8 487 5 407 63.7 5 255 3 604 68.6 954 18.2 113 2.2
45 Keçiborlu 10 912 8 523 78.1 8 297 5 591 67.4 1 701 20.5 130 1.6
35 Senirkent 8 653 6 813 78.7 6 635 4 834 72.9 536 8.1 78 1.2
49 Sütçüler 8 883 6 463 72.6 6 235 4 928 79.0 507 8.1 132 2.1
57 Şarkikaraağaç 13 454 8 619 64.0 8 127 5 051 62.2 984 12.1 185 2.3
11 Uluborlu 3 248 1 840 56.6 1 804 1 070 59.3 400 22.2 27 1.5
90 Yalvaç 21 456 14 251 66.4 13 755 8 797 64.0 1 606 11.7 225 1.6
7108 İstanbul il toplamı 2 173 962 1 300 209 59.8 1 274 392 509 463 40.0 483 365 37.9 39 590 3.1
24 Adalar » 6 663 4 600 69.0 4 532 1 689 37.3 1 845 40.7 173 3.8
1011 Bakırköy 359 837 200 620 55.8 197 141 75 152 38.1 77 735 39.4 5 566 2.6
359 Beşiktaş 101 186 o4 077 63.3 63 056 24 051 38.1 28 626 45.4 2 458 3.9
172 Beykoz 49 953 35 084 70.2 34 335 15 100 44.0 10 112 29.4 1 003 2.9
440 Beyoğlu 109 622 64 385 58.7 62 774 23 249 37.0 23 543 37.5 1 995 3.2
162 Eminönü 43 916 24 843 56.6 24 230 9 017 37.2 9 805 40.5 627 2.6
400 Eyüp 146 511 89 821 61.3 87 240 34 097 39.1 31 880 36.6 2 451 2.8
816 Fatih 234 911 137 177 58.4 134 809 54 200 40.2 50 617 37.5 4 454 3.3
268 Gaziosmanpaşa 91 311 53 624 58.7 52 207 20 447 39.2 18 185 34.8 1 567 3.0
706 Kadıköy 250 393 148 413 59.3 146 093 55 810 38.2 64 599 44.2 5 374 3.7
188 Sarıyer 53 781 32 496 60.4 31 936 11 772 36.9 12 490 39.1 1 084 3.4
859 Şişli 227 855 131 575 57.7 128 843 52 218 40.5 46 301 35.9 4 211 3.3
516 Üsküdar 162 426 100 455 61.8 98 340 39 782 40.5 35 746 36.3 3 056 3.1
185 Zeytinburnu 58 896 35 848 60.9 34 996 13 396 38.3 13 719 39.2 1 039 3.0
135 Çatalca 38 008 26 594 70.5 26 077 15 548 59.6 7 198 27.6 839 3.2
616 Kartal 142 558 102 119 71.6 100 119 38 754 38.7 36 128 36.1 2 636 2.6
77 Silivri 23 760 16 991 71.5 16 779 9 198 54.8 6 058 36.1 318 1.9
65 Şile 9 828 7 874 80.1 7 682 5 111 66.5 1 432 18.6 234 3.0
109 Yalova 33 106 22 581 68.2 22 160 10 902 49.2 7 349 33.2 500 2.3
1096 Kars il toplamı 227 332 135 719 59.7 131 660 45 750 34.8 52 721 40.0 2 166 1.7
124 Merkez 34 611 13 547 39.1 13 091 3 615 27.6 6 552 50.1 170 1.3
34 Aralık 5 415 4 465 82.5 4 356 1 072 24.6 2 358 54.1 41 1.0
90 Ardahan 21 273 12 170 57.2 11 900 4 622 38 8 5 562 46.7 233 2.0
98 Arpaçay 19 038 8 890 46.7 8 675 2 572 29.7 3 335 38.4 122 1.4
50 Çıldır 8 666 5 850 67.5 5 692 2 252 39.6 2 527 44.4 169 3.0
48 Digor 9 073 5 115 56 4 4 875 956 19.6 2 835 58.1 116 2.4
78* Göle 19 951 10 435 52.3 10 117 3 032 30 0 5 494 54.3 205 2.0
55 Hanak 12 448 8 440 67.8 8 256 1 422 17.2 5 412 65 6 117 1.4
109 İğdır 26 702 17 508 65.6 17 099 4 113 24.1 4 693 27.4 130 0.8
81 Kağızman 14 059 9 352 66 5 8 980 4 946 55.1 2 101 23 4 168 1.9
55 Posof 9 510 6 391 67.2 6 142 2 874 46.8 1 692 27.5 254 4.1
91 Sarıkamış 18 711 14 725 78.7 14 156 6 575 46 5 3 469 24.5 216 1.5
61 Selim 12 183 8 643 70.9 8 416 2 756 32 8 3 557 42 3 101 1.2
34 Susuz 5 937 3 289 55.4 3 190 817 25 6 1 772 55 5 48 1.5
88 Tuzluca 9 755 6 899 70.7 6 715 4 126 61.4 1 362 20.3 76 1.1