2. 14 Ekim 1979 Cumhuriyet Senatosu Üyeleri seçimi sonuçlarının il ve ilçelere göre dağılımı 19
siyasi partilerin ve bağımsızların aldıkları oy sayısı
MHP MSP SDP TBP TİP TSİP Bağımsızlar
--
Aldığı oy % Aldığı oy V /o Aldığı oy V /o Aldığı oy V /a Aldığı oy /o Aldığı oy /o Aldığı oy /a
8 147 8.2 3 587 3 6 695 0.7 481 0.5 388 0.4 493 0.5
1 827 5.5 1 216 3 6 192 0.6 74 0.2 96 0.3 115 0.3
45 1.8 79 3 1 14 0.6 1 0.0 8 0.3 1 0.0 __
872 6.7 330 2 5 95 0.7 83 0.6 46 0.4 42 0.3 ,
248 4.7 179 3 4 65 1.2 30 0.6 13 0.2 49 0.9
352 4.2 300 3 6 92 1.1 37 0.4 39 0.5 55 0.7
984 14.8 125 1 9 20 0.3 23 0.3 12 0.2 23 0.3
222 3.6 277 4 4 33 0.5 67 1.1 41 0.7 28 0.5
1 408 17.3 231 2 8 89 1.1 72 0.9 47 0.6 60 0.7
129 7.2 96 5 3 16 0.9 8 0.4 14 0.8 44 2.4
2 060 15.0 754 5 5 79 0.6 86 0 6 72 0.5 76 0.5
— —
46 682 3.7 110 474 8 7 13 101 10 25 869 2 0 12 616 10 5 523 0.4 27 709 2.2
169 3.7 132 2 9 31 0.7 258 5.7 121 2.7 17 0.4 97 2.1
6 824 3.5 17 325 8 8 2 288 1.1 4 313 2.2 2 172 1.1 1 141 0.6 4 566 2.3
1 482 2.4 2 804 4 4 663 1 0 597 1 0 614 1 0 229 0 4 1 532 2.4
1 873 5.4 3 974 11 6 295 0.9 226 0 7 449 1.3 144 0 4 1 159 3.4
1 969 3.2 6 677 10 7 587 0.9 2 940 4.7 534 0 8 271 0.4 1 009 1.6
1 055 4.4 2 446 10 1 163 0.7 326 1.3 289 1.2 83 0 3 419 1.7
2 907 3 3 9 466 10 8 1 019 1.2 1 501 1.7 1 082 1.3 451 0.5 2 387 2.7
5 037 3.7 14 434 10 7 1 172 0 9 1 079 0 8 1 041 0 8 475 0.4 2 300 1.7
1 583 3 0 5 261 10 1 564 1.1 1 790 3.4 759 1.5 ' 274 0.5 1 777 3.4
4 881 3.3 8 378 5 8 1 523 10 1 157 0 8 1 338 0 9 486 0.3 2 547 1 8
1 084 3 4 2 563 8 0 314 1.0 1 331 4 2 241 0.7 130 0.4 927 2.9
4 323 3.4 11 262 8 7 1 271 1 0 5 029 3 9 1 023 0 8 581 0.5 2 624 2.0
4 684 4 8 9 415 9 6 1 095 1.1 1 708 1.7 728 0.7 356 0.4 1 770 1.8
1 384 3.9 3 248 9 3 433 1.2 607 1.7 347 1.0 197 0.6 626 1.8
884 3.4 615 2 4 212 0 8 207 0 8 144 0 6 107 0.4 323 1.2
4 655 4.6 10 25? 10 2 1 153 1.2 2 563 2 6 1 405 1.4 410 0 4 2 163 2.2
324 1.9 258 1 5 122 0.7 74 0.5 152 0.9 63 0 4 212 1.3
327 4.3 390 5 1 30 0 4 32 0.4 52 0.7 24 0 3 50 0.7
1 216 5 5 1 574 7 1 166 0.7 75 0.3 126 0 6 84 0.4 167 0.7
15 064 11.4 7 383 5 6 1 832 1.4 1 333 1.0 1 843 1.4 3 568 2.7
— —
400 3.1 708 5 4 170 1.3 115 0.9 255 1.9 1 104 8.4
629 14.5 80 1 8 35 0.8 14 0.3 52 1.2 75 1.7
236 2.0 500 4 2 218 1.8 103 0.9 263 2 2 163 1.4
1 253 14.4 430 5 0 127 1.5 57 0.7 142 1.6 637 7.3
190 3.3 178 3 1 129 2.3 47 0.8 67 1.2 133 2.3
42 0 9 562 11 5 115 2.4 33 0.7 110 2.2 106 2.2
_
111 1.1 791 7 8 156 1.6 85 0.8 119 1.2 124 1.2
118 1.4 237 2 9 203 2.5 383 4.6 256 3 1 108 1.3
7 134 41.7 387 2 3 148 0.9 75 0.4 163 0.9 256 1.5
854 9.5 495 5 5 80 0 9 92 1.0 80 0 9 164 1.8
207 3.4 759 12 4 129 2.1 68 1.1 66 1.1 93 1.5
2 541 18 0 1-022 7 2 76 0.5 84 0.6 86 0 6 87 0.6
792 9 4 569 6 8 102 1.2 121 1.4 86 1 0 332 3.9
63 2.0 204 6 4 80 2.5 19 0 6 50 1 6 137 4.3
494 7.4 461 6 9 64 1.0 37 0.5 48 0 7 47 0.7
— —