20 2. 14 Ekim 1979 Cumhuriyet Senatosu Üyeleri seçimi sonuçlarının il ve ilçelere göre dağılımı
Se çime katılan
SSeeççmmeenn OOyy SSeeççiimmee
SSaannddııkk İİll vvee iillççeelleerr lliisstteessiinnddeekkii kkuullllaannaann kkaattııllmmaa GGeeççeerrllii ooyy AP CHP CGP
ssaayyııssıı sseeççmmeenn sseeççmmeenn oorraannıı ssaayyııssıı
ssaayyııssıı ssaayyııssıı %%
Aldığı oy % Aldığı oy % Aldığı oy /o
986 Kütahya il toplamı 220 575 174 529 79.1 169 223 103 589 61 2 33 098 19 6 3 695 2.2
306 Merkez 71 172 55 247 77.6 54 047 34 049 63 0 9 770 18 1 1 172 2.3
60 Altıntaş 12 117 9 454 72.0 9 090 4 978 54 8 1 967 21 6 186 2.1
41 Domaniç 9 170 7 875 85.9 7 614 4 772 62 7 1 653 21 7 150 2.0
123 Enet 25 303 19 019 71.2 18 122 10 739 59 3 3 443 19 0 408 2.2
127 Gediz 28 174 23 417 83.1 22 472 14 130 62 9 4 848 21 6 512 2.3
153 Simav 37 116 29 198 78.7 28 301 17 613 62 2 5 517 19 5 771 2.7
170 Tavşanlı 37 565 30 319 80.7 29 577 17 308 58 5 5 902 19 9 49b 1.7
1762 Manisa il toplamı 435 317 325 175 74.7 315 028 179 099 56 8 89 666 28 5 5 353 1.7
261 Merkez 71 562 53 118 74.2 51 382 30 037 58 5 13 244 25 8 890 1.7
266 Akhisar 66 894 46 835 70.0 45 687 25 748 56 4 14 468 31 7 789 1.7
149 Alaşehir 34 719 27 798 80.0 26 876 14 551 54 1 9 685 36 0 457 1.7
131 Demirci 24 489 20 446 83.5 19 691 13 176 66 9 2 969 15 1 341 1.7
114 Gördes 22 b59 17 589 77.6 16 929 9 917 58 6 3 968 23 4 257 1.5
73 Kırkağaç 19 340 14 786 76.5 14 321 9 350 65 3 3 031 21 1 202 1.4
78 Kula 18 419 14 401 78.2 13 806 8 179 59 3 3 587 26 0 279 2.0
188 Salihli 50 383 36 837 73.1 35 750 19 171 53 6 11 735 32 8 554 1.6
54 Sarıgöl 15 043 11 454 76.1 11 019 5 564 50 5 4 264 38 7 199 1.8
112 Saruhanlı 29 001 23 198 80.0 22 437 11 091 49 4 7 778 34 7 264 1.2
53 Selendi 10 203 7 821 76.7 7 612 5 235 68 8 1 301 17 1 130 1.7
116 Soma 27 014 19 781 73.2 19 291 10 550 54 7 5 542 28 7 423 2.2
167 Turgutlu 45 592 31 111 68.2 30 227 16 530 54 7 8 094 26 8 568 1.9
995 Mardin il toplamı 185 255 123 992 66.9 122 486 33 708 27 5 25 485 20 8 301 0.2
121 Merkez 25 939 13 351 51.5 13 204 5 899 44 7 4 013 30 4 51 0.4
45 Cizre 8 354 6 491 77.7 6 353 1 326 20 9 56 0 9 39 0.6
86 Derik 18 675 8 660 46.4 8 612 3 908 45 4 708 8 2 1 0.0
90 Gercüş 13 547 9 504 48.0 9 338 1 363 14 6 1 405 15 0 30 0.3
78 İdil 6 362 5 278 83.0 5 213 400 7 7 983 18 8 13 0.2
138 Kızıltepe 26 514 21 292 80.3 21 179 4 325 20 4 7 478 35 3 6 0.0
56 Mazıdağı 8 489 6 028 71.0 5 839 1 689 28 9 1 428 24 5 32 0.6
132 Midyat 32 685 25 469 77.9 25 368 5 004 19 7 3 587 14 1 28 0.1
106 Nusaybin 22 519 11 760 52.2 11 547 3 518 30 5 1 665 14 4 29 0.3
45 Ömerli 6 051 4 7b8 78.8 4 707 2 117 45 0 1 836 39 0 10 0.2
57 Savur 11 366 7 472 65.7 7 398 2 950 39 9 2 101 78 4 29 0.4
41 Silopi 4 754 3 919 82.4 3 728 1 209 32 4 225 6 0 33 0.9
452 Mus il toplamı 75 81? 56 916 75.1 55 677 17 858 32 1 13 522 24 3 — —
198 Merkez 41 166 32 888 80.0 32 175 9 749 30 3 6 708 20 9
79 Bulanık 14 127 10 423 74.0 10 208 3 566 35 0 1 708 16 7 — —
80 Malazgirt 8 951 5 758 64.3 5 657 2 890 51 1 937 16 6 — —
95 Varto 11 569 7 847 68.0 7 637 1 653 21 6 4 169 54 6