2. 14 Ekim 1979 Cumhuriyet Senatosu Üyeleri seçimi sonuçlarının il ve ilçelere göre dağılımı 21
siyasi partilerin ve bağımsızların aldıkları oy sayısı
MHP MSP SDP TBP TİP TSİP Bağımsızlar
Aldığı oy /o Aldığı oy % Aldığı oy Aldığı oy % Aldığı oy % Aldığı oy Aldığı oy 7o
i
10 888 6.4 14 954 8.8 1 123 0.7 1 025 0.6 851 0.5
3 210 5.9 5 046 9.3 239 0.4 291 0.5 270 0.5
913 10.0 829 9.1 - — — 44 0.5 116 1.3 57 0.6
377 4.9 547 7.2 — — 57 0.7 40 0.5 20 0.3
1 507 8.3 1 662 9.2 — — 167 0.9 104 0.6 92 0.5
1 421 6.3 1 095 4.9 — — 204 0.9 164 0.7 98 0.4
2 211 7.8 1 587 5.6 . — — 272 1.0 181 0.7 149 0.5
1 249 4.2 4 188 14.2 140 0.5 129 0.4 165 0.6
— —
14 823 4.7 17 907 5.7 2 258 0.7 1 473 0.5 2 669 0.8 1 780 0.6
2 773 5.4 3 271 6.4 305 0.6 161 0.3 424 0.8 277 0.5
953 2.1 2 505 5.5 484 1.1 204 0.4 324 0.7 212 0.4
827 3.1 714 2.7 182 0.7 149 0.6 165 0.6 146 0.5
1 367 6.9 1 507 7.7 99 0.5 109 0.6 69 0.3 54 0.3
1 212 7.1 1 196 7.1 81 0.5 88 0.6 120 0.7 90 0.5
573 4.0 903 6.3 54 0.4 55 0.4 82 0.6 71 0.5
943 6.8 529 3.8 106 0.8 88 0.6 59 0.4 36 0.3
1 989 5.6 801 2.2 257 0.7 166 0.5 710 2.0 367 1.0
298 2.7 266 2.4 119 1.1 72 0.6 142 1.3 95 0.9
1 087 4.9 1 689 7.5 164 0.7 111 0.5 145 0.6 112 0.5
387 5.1 445 5.8 31 0.4 41 0.5 30 0.4 12 0.2
970 5.0 1 287 6.7 145 0.7 112 0.6 184 1.0 78 0.4
1 444 4.8 2 798 9.2 231 0.8 117 0.4 215 0.7 230 0.7 — —
132 0.1 21 015 17.2 329 0.3 — — 409 0.3 16 679 13.6 24 428 20.0
18 0.1 1 645 12.5 48 0.4 45 0.3 1 034 7.8 451 3.4
8 0.1 280 4.4 20 0.3 — — 34 0.5 2 456 38.7 2 134 33.6
4 0.1 1 011 11.7 3 0.0 — — 7 0.1 2 314 26 9 656 7.6
12 0.1 3 276 35.1 36 0.4 — — 27 0.3 378 4.1 2 811 30.1
3 0.1 624 12.0 22 0.4 — — 25 0.5 1 588 30.5 1 555 29.8
— — 2 902 13.7 23 0.1 — — 31 0.2 4 970 23.5 1 444 6.8
4 0.1 1 847 31.6 25 0.4 — — 29 0.5 730 12.5 55 0.9
37 0.1 - 6 809 26.9 40 0.2 — — 45 0.2 986 3.9 8 832 34.8
13 0.1 754 6.5 28 0.3 — — 105 0.9 1 468 12.7 3 964 343
8 0.2 416 8.8 12 0.2 — — 10 0.2 126 2.7 172 3.7
15 0.2 1 143 15.5 48 0.6 — — 17 0.2 253 3.4 842 11.4
10 0.3 305 8.2 24 0.6 34 0.9 376 10.1 1 512 40.6
—
1 872 3.3 19 525 35.1 — — 247 0.4 156 0.3 535 1.0 1 962 3.5
1 610 5.0 12 798 39.8 122 0.4 62 0.2 79 0.2 1 047 3.2
153 1.5 4 152 40.7 — — 63 0.6 54 0.5 205 2.0 307 3.0
48 0.8 1 472 26.0 — — 23 0.4 28 0.5 192 3.4 67 1.2
61 0.8 1 103 14.4 39 0.5 12 0.2 59 0.8 541 7.1