22 2. 14 Ekim 1979 Cumhuriyet Senatosu Üyeleri seçimi sonuçlarının il ve ilçelere £fc're «fsğıTıırı
Seçime katılan
SSeeççmmeenn Oy SSeeççiimmee
Sandık İl ve ilçeler lliisstteessiinnddeekkii kullanan kkaattııllmmaa Geçerli oy AP CHP CGP
sayısı sseeççmmeenn seçmen oorraannıı sayısı
00//
sayısı sayısı /o
Aldığı oy /o Aldığı oy /o Aldığı oy %
636 Rize il toplamı 150 941 107 138 71 0 104 753 55 891 53 4 27 065 25 8 1 561 1 5
237 Merkez 63 682 46 571 73 1 45 518 24 671 54 2 11 052 24 3 603 1 3
67 Ardeşen 12 897 8 664 67 2 8 429 3 875 45 4 3 087 36 6 152 1 8
34 Çamlıhemşin 5 031 2 532 50 3 2 460 948 38 5 956 38 9 61 2 5
100 Çayeli 24 590 18 316 74.5 18 015 11 015 61 1 2 484 13 8 187 1 0
29 Fındıklı 7 54? 5 200 69 0 5 105 2 239 43 9 2 204 43 2 101 2 0
46 İkizdere 6 832 4 315 63.1 4 172 1 623 38 9 992 23 8 93 2 2
38 Kalkandere 8 856 7 190 81.2 7 063 3 635 51 5 2 272 32 2 86 1 2
85 Pazar 21 511 14 350 66.7 13 991 7 935 56 7 4 018 28 7 278 2 0
1584 Samsun il toplamı 386 287 294 472 76 2 288 109 159 422 55 3 73 523 25 5 5 185 1 8
420 Merkez 125 291 92 204 73 6 90 417 48 096 53 2 25 146 27 8 1 726 1 9
96 Alaçam 21 304 16 791 78.8 16 304 8 241 50 5 4 075 25 0 407 2 5
233 Bafra 60 538 48 200 79.6 47 299 27 174 57 5 10 372 21 9 812 1 7
236 Çarşamba 59 458 44 477 74.8 43 502 25 731 59 1 10 434 24 0 656 1 5
115 Havza 21 309 16 699 78.4 16 388 8 300 50 6 5 417 33 1 306 *1 9
108 Kavak 18 554 14 208 76.6 13 827 7 938 57 4 3 132 22 7 334 2 4
69 Ladik 12 148 9 791 80 6 9 496 3 610 38 0 2 944 31 0 116 1 2
142 Terme 37 638 28 126 74.7 27 557 14 243 51 7 7 609 27 6 410 1 5
165 Vezirköprü 30 345 23 976 79.0 23 320 16 091 69 0 4 394 18 8 408 1 8
743 Siirt il toplamı 124 757 89 649 71.9 87 462 22 821 26 1 13 198 15 1 603 0 7
85 Merkez 18 625 10 791 58.0 10 502 3 352 31 9 2 062 19 6 93 0 9
1Z5 Batman 29 441 18 399 62.5 17 510 4 828 27 6 958 5 4 226 1 3
40 Baykan 6 842 5 050 73.8 4 872 1 132 23 2 779 16 0 23 0 5
41 Beşiri 5 686 4 705 82.7 4 546 1 575 34 6 819 18 0 31 0 7
94 Eruh 10 021 8 073 80.6 7 992 1 736 21 7 700 8 8 47 0 6
76 Kozluk 12 599 10 930 86.7 10 794 1 791 16 6 2 106 19 5 51 0 5
86 Kurtalan 14 656 11 657 79.5 11 464 2 760 24 1 2 205 19 2 17 0 1
40 Pervari 3 904 2 588 66.3 2 527 1 374 54 4 537 21 2 22 0 9
43 Sason 9 115 7 933 87.0 7 860 1 316 16 7 1 697 21 6 18 0 2
47 Şırnak 7 413 4 575 61.7 4 473 1 041 23 3 864 19 3 61 1 4
56 Şirvan 6 455 4 948 76.6 4 922 1 916 38 9 471 9 6 14 0 3
1140 Tokat il toplamı 255 196 207 518 81.3 202 483 80 773 39 9 43 826 21 7 2 432 1 2
227 Merkez 54 452 44 913 82.5 43 855 18 518 42 2 7 528 17 2 469 1 2
49 Almus 11 687 8 731 74.7 8 565 2 430 28 4 2 419 28 2 167 1 9
69 Artova 14 236 12 183 85.6 11 968 5 549 46 4 2 273 19 0 176 1 5
153 Erbaa 37 221 29 420 79.0 28 490 13 240 46 5 6 671 23 4 438 1 5
157 Niksar 32 984 25 824 78.3 24 961 8 801 35 3 5 863 23 5 328 1 3
138 Reşadiye 22 930 18 414 80.3 17 834 9 729 54 6 3 109 17 4 225 1 3
167 Turhal 41 501 34 316 82.7 33 620 11 872 35 3 4 951 14 7 400 1 2
180 Zile 40 185 33 717 83.9 33 190 10 634 32 0 11 012 33 2 229 0 7