2. 14 Ekim 1979 Cumhuriyet Senatosu Üyeleri seçimi sonuçlarının il ve ilçelere göre dağılımı 23
siyasi partilerin ve bağımıszların aldıkları oy sayısı
MHP MSP SDP TBP TİP TSİP Bağımsızlar
--
Aldığı oy % Aldığı oy /o Aldığı oy /o Aldığı oy /o Aldığı oy /o Aldığı oy V Aldığı oy V
/o /o
5 291 5 0 13 058 12 5 745 0 7 — 768 0.7 374 0 4 — —
1 638 3 6 6 883 15 1 274 0 6 264 0.6 133 0 3
292 3 5 888 10 5 82 1 0 68 0.8 35 0 4
— — —
71 2 9 340 13 8 32 1 3 30 1.2 22 0 9
— — —
2 015 11 2 2 155 12 0 65 0 4 60 0.3 34 0 2
— — —
101 2 0 313 6 1 79 1 5 30 0.6 38 0 7
— — —
374 9 0 936 22 4 49 1 2 61 1.5 44 1 0
— — —
396 5 6 597 8 5 32 0 4 28 0.4 17 0 2
— — —
404 2 9 946 6 8 13? 0 9 227 1.6 51 0 4
15 317 5 3 25 966 9 0 1 873 0 7 — 1 821 0.6 1 592 0 6 3 410 1.2
4 640 5 1 8 045 8 9 641 0 7 490 0.5 419 0 5 1 214 1.4
816 5 0 1 510 9 3 150 0 9 266 1.6 125 0 8 714 4.4
—
3 634 7 7 3 994 8 4 258 0 6 250 0.5 386 0 8 419 0.9
—
1 940 4 5 3 492 8 0 267 0 6 241 0.6 229 0 5 512 1.2
—
702 4 3 1 365 8 3 104 0 6 81 0.5 57 0 4 47 0.3
—
468 3 3 1 500 10 9 99 0 7 100 0.7 82 0 6 174 1.3
—
1 242 13 1 1 368 14 4 59 0 6 83 0.9 47 0 5 27 0.3
—
1 177 4 3 3 441 12 5 176 0 6 159 0.6 118 0 4 224 0.8
—•
698 3 0 1 251 5 4 117 0 5 148 0.6 134 0 6 79 0.3
601 0 7 36 571 41 8 494 0 6 234 0 3 459 0.5 12 481 14 2 — —
81 0 8 4 463 42 5 39 0 4 20 0 2 63 0.6 329 3 1 —
366 2 1 8 202 46 8 230 1 3 66 0 4 135 0.8 2 499 14 3
— —
10 0 2 2 480 50 9 12 0 2 15 0 3 14 0.3 407 8 4
— —
4 0 1 1 175 25 9 27 0 6 20 0 4 25 0.6 870 19 1
— —
14 0 2 3 909 48 9 49 0 6 24 0 3 40 0.5 1 473 18 4
— —
9 0 1 3 917 36 3 29 0 2 21 0 2 39 0.4 2 831 26 2
— —
38 0 3 5 590 48 8 31 0 3 22 0 2 37 0.3 764 6 7
— —
5 0 2 463 18 3 18 0 7 16 0 6 7 0.3 85 3 4
— —
2 527 32 1 17 0 2 7 0 2 28 0.4 2 250 28 6 -
— —
32 0 7 1 459 32 6 31 0 7 16 0 4 37 0.8 932 20 8
—
42 0 8 2 386 48 5 11 0 2 7 0 2 34 0.7 41 0 8
33 843 16 7 20 586 10 2 1 045 0 5 16 415 8 1 1 184 0.6 1 289 0 6 1 090 0 5
7 341 16 7 5 866 13 4 163 0 3 3 508 8 0 183 0.4 139 0 3 140 0.3
888 10 4 707 8 3 77 0 9 1 642 19 2 99 1.1 68 0 8 68 0.8
1 888 15 8 1 239 10 3 59 0 5 470 3 9 71 0.6 151 1 2 92 0.8
4 626 16 2 2 367 8 3 161 0 6 494 1 7 161 0.6 119 0 4 213 0.8
4 290 17 2 3 815 15 3 190 0 8 1 184 4 7 175 0.7 150 0 6 165 0.6
2 074 11 6 1 304 7 3 115 0 6 835 4 7 141 0.8 95 0 5 207 1.2
5 606 16 7 4 555 13 6 149 0 4 5 391 16 0 175 0.5 363 1 1 158 0.5
7 130 21 5 73i 2 2 131 0 4 2 891 8 7 179 0.5 204 0 6 47 0.2