2. 14 Ekim 1979 Cumhuriyet Senatosu Üyeleri seçimi sonuçlarının il ve ilçelere göre dağılımı 25
siyasi partilerin ve bağımsızların aldıkları oy sayısı
MHP MSP SDP TBP TİP TSİP Bağımsızlar
Aldığı oy % Aldığı oy % Aldığı oy % Aldığı oy V Aldığı oy /o Aldığı oy % Aldığı oy %
/o
1 193 1 3 19 530 21 5 391 0 4 490 0 6 2 508 2 8
340 1 3 4 570 17 7 107 0 4 109 0 4 481 1 9 — —
16 0 3 785 13 1 26 0 4 — — 36 0 6 988 16 5 — —
11 0 3 938 22 4 31 0 7 — — 40 1 0 253 6 0 — —
492 4 5 i 722 34 1 41 0 4 — — 55 0 5 178 1 6 — —
66 0 7 7 216 23 6 53 0 5 — — 59 0 6 134 1 4 — —
26 0 2 2 852 29 9 16 0 2 — — 16 0 2 298 2 9 — —
79 0 6 2 106 15 8 53 0 4 — — 77 »0 6 69 0 5 — —
16 j 1 5 2 341 21 3 65 0 6 96 0 9 106 1 0
•
46 363 31 2 19 336 13 0 798 0 5 889 0.6 915 0 6 1 148 0 8 — —
10 767 37 0 3 216 11 1 147 0 5 138 0.5 150 0 5 210 0 7 —
4 856 28 9 2 412 14 3 98 0 6 144 0.9 99 0 6 118 0 7
— —
3 247 19 0 1 450 8 127 0 7 94 0.5 158 0 9 334 2 0
— —
2 764 27 8 616 6 2 72 0 7 80 0.8 103 1 1 75 0 8
— —
3 995 22 0 3 923 21 6 93 0 5 137 0.7 89 0 5 99 0 5
— —
5 016 39 5 1 730 13 6 67 0 5 Tı 0.6 73 0 6 83 0 6
— —
7 054 29 8 3 949 16 7 84 0 4 108 0.5 122 0 5 104 0 4 — —
3 895 42 7 681 7 5 52 0 6 52 x 0.6 57 0 6 75 0 8 — —
4 769 39 4 1 359 11 3 58 0 5 64 0.5 64 0 5 50 0 4