5. 14 Ekim 1979 Milletvekili Ara Seçimi sonuçlarının
606 il ve ilçelere göre dağılımı
Seç ime katılan
••
SSeeççmmeenn SSeeççiimmee
OOyy kkuullllaa­­
SSaannddııkk îîll vvee iillççeelleerr lliisstteessiinnddee­­ nnaann sseeçç­­ kkaattııllmmaa GGeeççeerrllii ooyy AP CHP CGP
ssaayyııssıı kkii sseeççmmeenn oorraannıı ssaayyııssıı
mmeenn ssaayyııssıı
ssaayyııssıı VV
//oo
Aldığı oy % Aldığı oy V Aldığı oy %
/o
6824 Genel Toplam 1 727 069 1 289 141 74.6 1 252 427 676 900 54 1 367 317 29 8 21 593 1.7
1199 Aydın il toplamı 315 110 239 176 75.9 232 778 137 425 59 0 72 654 31 2 3 859 1.7
312 Merkez 84 494 64 019 75.8 62 511 39 866 63 8 15 931 25 5 1 077 1.7
72 Bozdoğan 17 588 13 838 78.7 13 361 8 837 66 1 3 162 23 7 309 2.3
138 Çine 34 230 29 255 85.5 28 510 17 802 62 4 8 316 29 2 538 1.9
73 Germencik 18 530 14 990 80.9 14 643 7 561 51 7 6 080 41 5 221 1.5
49 Karacasu 10 421 7 825 75.1 7 551 4 406 58 3 2 437 32 3 172 2.3
68 Koçarlı 15 136 12 S63 85 6 12 513 7 740 61 9 3 855 30 8 176 1.4
36 Kuşadası 9 328 6 604 70.8 6 474 3 266 50 4 2 795 43 2 77 1.2
75 Kuyucak 19 092 14 568 76 3 14 012 8 522 60 8 3 879 27 7 190 1.4
159 Nazilli 48 437 34 440 71.1 33 586 19 553 58 2 10 325 30 7 555 1.7
143 Söke 38 917 26 074 67.C 25 440 11 507 45 2 11 186 44 3 288 1.1
41 Sultanhisar 10 794 7 641 70 8 7 457 4 106 55 1 2 754 36 9 121 1.6
33 Yenipazar 8 143 6 959 85.5 6 773 4 259 62 9 ı 934 28 5 135 2.0
616 Edirne il toplamı 172 596 134 360 77 6 128 804 66 758 51 8 54 436 42 3 2 041 1.6
178 Merkez 49 799 37 629 75 6 3o 392 20 021 55 0 14 155 38 9 579 l.o
29 Enez 6 362 5 118 80.4 4 961 2 248 45 3 2 378 47 9 72 1.4
42 Havsa 12 933 10 613 82.1 10 326 6 280 60 8 3 334 32 3 168 1.6
50 İpsala 15 633 12 b03 80.6 12 257 7 115 58 0 4 448 36 3 24t 2.0
107 Keşan 30 481 22 971 75 4 22 520 9 587 42 6 11 744 52 2 277 1.2
32 Lalapaşa 5 890 5 133 87.1 5 060 3 158 62 2 1 640 32 5 76 1.5
41 Meriç 12 202 8 931 73.2 8 653 3 954 45 7 4 070 47 0 118 1.4
137 Uzunköprü 39 296 31 362 79.8 31 830 15 620 50 7 13 513 43 8 536 1.7
2430 Konya il toplamı 594 369 426 537 71.8 414 430 199 003 48 0 94 703 22 8 7 805 1.9
619 Merkez 169 239 117 106 69.2 114 620 56 642 49 4 16 697 14 6 1 570 1.4
154 Akşehir 39 364 26 135 66.4 25 480 13 055 51 2 8 367 32 8 558 2.2
161 Beyşehir 41 952 31 136 74.2 30 001 14 648 48 8 5 104 17 0 853 2.9
102 Bozkır 20 375 13 389 65.7 12 817 6 401 49 9 2 318 18 1 373 2.9
108 Cihanbeyli 25 166 18 213 72.4 17 797 8 897 50 0 5 495 30 9 471 2.6
107 Çumra 28 829 21 825 75.7 21 138 10 061 47 6 3 595 17 0 436 2.0
53 Doğanhisar 13 461 8 426 62.6 8 128 3 906 48 0 1 859 22 9 203 2.5
202 Ereğli 45 096 33 096 73.4 32 413 15 226 47 0 10 945 33 8 596 1.8
110 Ermenek 21 195 16 481 77.8 15 827 7 980 50 4 4 161 26 3 344 2.2
69 Hadım 14 142 10 929 77.3 10 504 4 754 45 2 1 919 18 3 207 2.0
91 Ilgın 23 362 17 166 73.5 16 611 8 842 53 2 3 753 22 6 305 1.8
66 Kadınhanı 14 472 10 630 73.5 10 414 456 52 4 1 985 19 1 144 1.4
213 Karaman 45 097 32 873 72.9 31 873 12 474 39 1 9 006 28 3 657 2.1
79 Karapınar 18 871 13 626 72.2 13 277 5 550 41 8 5 075 38 2 196 1.5
66 Kulu 14 875 9 760 65.6 9 407 3 867 41 1 2 815 29 9 156 1.7
45 Sarayönü 11 653 -9 491 81 4 9 212 4 528 49 1 2 244 24 4 145 1.6
115 Seydişehir 30 971 24 450 78.9 23 613 11 089 47 0 7 397 31 3 422 1.8
70 Yunak 16 640 11 805 70.9 11 298 5 627 49 8 1 968 17 4 169 1.5