5. 14 Ekim 1979 Milletvekili Ara Seçimi sonuçlarının 607
il ve ilçelere göre dağılımı
siyasi partilerin ve bağımsızların aldıkları oy sayısı
MHP MSP SDP - TBP TİP TSİP Bağımsızlar
Aldığı oy % Aldığı oy /o Aldğı oy % Aldığı oy /o Aldığı oy % Aldığı oy Aldığı oy /o
67 154 5.4 92 932 7.4 7 677 0.6 4 290 0.4 7 315 0.6 6 735 0.5 297 0.0
8 113 3.5 5 868 2.5 1 743 0.7 1 282 0.6 1 887 0.8
— — — —
2 502 4.0 1 886 3.0 364 0.6 , 275 04 610 1.0 — —
494 3.7 275 2.1 110 0.8 — — 102 0.8 72 0.5 — -
659 2.3 742 2.6 193 0.7 — — 157 0.5 103 0.4 — —
379 0.6 121 0.8 93 2.6 — — 118 0.8 70 0.5 — —
160 2.1 156 2.1 101 1.3 — — 58 0.8 61 0.8 - -
303 2.4 287 2.3 56 0.5 — — 55 0.4 41 0.3 — —
128 2.0 104 1.6 33 0.5 — — 26 0 4 45 0.7 — —
682 4.9 456 3.2 101 0.7 — — 94 0.7 88 0.6 — —
1 554 4.6 858 2.6 269 0 8 — — 165 0.5 307 0.9 — —
815 3.2 724 2.8 346 1.4 — — 181 0.7 393 1.6 — —
227 3.0 146 2.0 35 0.5 25 0.3 43 0.6
— — — —
210 3.1 113 1.7 42 0.6 26 0.4 54 0.8
— — — —
1 412 1.1 1 742 1.4 777 0.6 421 0.3 402 0.3 518 0.4 297 0.2
423 1.2 655 1.8 182 0.5 99 0.3 93 0.2 104 0.3 81 0.2
45 0.9 92 1.9 50 1.0 22 0.4 23 0.5 23 0.5 8 0.2
136 1.3 214 2.1 73 0.7 43 0.4 28 0.3 24 0.2 26 0.3
107 0.9 112 0.9 48 0.4 39 0.3 57 0.5 60 0.5 25 0.2
267 1.2 229 1.0 203 0.9 64 0.^ 65 0.3 54 0.2 30 0.1
43 0.8 71 1.4 23 0.5 19 0.4 14 0.3 8 0.2 8 0.2
96 1.1 122 1.4 54 0.6 38 0.5 35 0.4 115 1.3 51 0. i
315 1.0 290 1.0 150 0.5 106 0.4 , 9C 0.3 135 0.4 71 0.2
39 999 9.7 64 699 15.6 2 440 0.6 1 741 0.4 2 122 0.5 1 918 0.5
— —
9 743 8.5 28 574 24.9 439 0.4 266 0.2 337 0.3 352 0.3 — —
1 579 6.2 1 392 5.5 183 0.7 88 0 4 132 0.5 126 0.5 — —
5 136 17.1 3 586 12.0 189 0.6 177 0 6 160 0.5 148 0.5 — —
1 675 13 1 1 680 13.1 93 0.7 88 0.7 96 0 8 93 0.7
— —
529 3 0 1 918 10 8 116 0.6 57 0 3 187 1.1 127 0.7 — —
2 983 14.1 3 696 17.5 84 0 4 69 0.3 136 0.7 78 0.4
— —
571 7.C 1 412 17.4 54 0.7 38 0.5 41 0.5 44 0 5 -
—
2 620 8.1 2 148 6.6 245 0.8 163 0.5 275 0.8 195 0.6
— —
2 001 12.6 881 5.6 129 0.8 105 0.7 127 0.8 99 0.6 — . —
1 620 15.4 1 744 16.6 71 0.7 82 0 8 47 0.4 60 0 6
— —
1 669 10.1 1 697 10.2 99 0.6 88 0.5 90 0.6 68 0.4 — —
942 9.0 1 73b 16.7 34 0.3 32 0.3 35 0 3 50 0 5
— —
3 579 11.2 5 370 16.9 244 0 8 172 0.5 198 0 6 173 0.5
— —
914 6.9 1 186 9.0 140 1.0 79 0 6 80 0 6 57 0.4
—
631 6.7 1 769 18 8 65 0.7 36 0 4 32 0.3 36 0 4
—
600 6.5 1 566 17.0 37 0 4 19 0 2 26 0.3 47 0.5 —
1 875 7.9 2 390 10.1 149 0 6 106 0 5 83 0 4 102 0.4
—
1 332 11.8 1 954 17.3 69 0.6 76 0 7 40 0.3 63 0 6
—