608 5. 14 Ekim 1979 Milletvekili Ara Seçimi sonuçlarının
il ve ilçelere göre dağılımı
Seç ime katılan
SSeeççmmeenn SSeeççiimmee
OOyy kkuullllaa­­
SSaannddııkk İİll vvee iillççeelleerr lliisstteessiinnddee­­ nnaann sseeçç­­ kkaattııllmmaa GGeeççeerrllii ooyy AP CHP CGP
ssaayyııssıı kkii sseeççmmeenn oorraannıı ssaayyııssıı
mmeenn ssaayyııssıı
ssaayyııssıı VV
//oo
Aldığı oy /o Aldığı oy % Aldığı oy %
1761 Manisa il toplamı 435 600 325 021 74.6 316 534 181 158 57 2 89 999 28 4 4 936 1 6
261 Merkez 71 475 53 101 74.3 51 710 30 A 52 58 9 13 326 25 8 798 1 6
266 Akhisar 66 994 46 829 70.0 45 895 25 971 56 6 14 516 31 6 763 1 7
149 Alaşehir 34 719 27 796 8C.0 26 999 14 794 54 8 9 6C5 35 8 419 1 5
131 Demirci 24 470 20 430 83.5 19 778 13 359 67 6 2 953 14 9 304 1 5
114 Gördes 22 710 17 576 77.4 17 076 10 095 59 1 4 002 23 5 233 1 4
73 Kırkağaç 19 340 14 788 76.6 14 379 9 432 65 6 3 027 21 0 215 1 5
78 Kula 18 419 14 413 78.3 13 949 8 299 59 5 3 661 26 3 220 1 6
187 Salihli 50 383 36 815 73.1 35 846 19 291 53 8 ıı 780 32 8 527 1 5
¿4 Sarıgöl 15 043 11 265 74.9 10 896 5 590 51 3 4 172 38 3 185 1 7
112 Saruhanlı 29 001 23 182 79.9 22 503 11 188 49 8 7 816 34 7 247 1 1
53 Selendi 10 203 7 820 76.6 7 657 5 305 69 3 1 300 17 0 105 1 4
116 Soma 27 014 19 778 73.2 19 327 10 670 55 2 5 566 28 8 366 1 9
167 Turgutlu 45 914 31 239 68 0 30 519 16 712 54 8 8 225 26 9 554 1 8
818 Muğla il toplamı 209 394 164 047 78.3 159 881 92 556 57 9 55 525 34 7 2 952 1 9
125 Merkez 32 486 24 391 75.1 23 795 12 154 51 1 10 012 42 1 403 1 7
78 Bodrum 17 171 13 580 79.1 13 298 8 927 67 1 3 650 27 4 224 1 7
' 17 Datça 4 361 3 712 85.1 3 614 1 936 53 6 1 475 40 8 52 1 5
169 Fethiye 44 771 36 135 80.7 35 200 23 948 68 0 8 022 22 8 703 2 0
98 Köyceğiz 26 731 20 457 76.5 19 903 12 138 61 0 6 255 31 4 359 1 8
36 Marmaris 9 169 6 S 39 75.7 6 754 3 335 49 4 2 936 43 5 135 2 0
172 Milas 42 499 33 326 78 4 32 4b3 17 453 53 8 13 259 40 9 468 1 4
40 Ula 9 676 7 178 74.2 6 964 3 239 46 5 3 160 45 4 121 1 7
83 Yatağan 22 530 18 329 81.4 17 890 9 426 52 7 6 756 37 8 487 2 7