5. 14 Ekim 1979 Milletvekili Ara Seçimi sonuçlarının 609
il ve ilçelere göre dağılımı
siyasi partilerin ve bağımsızların aldıkları oy sayısı
MHP MSP SDP TBP TİP TSİP Bağımsızlar
Aldığı oy /o Aldığı oy /o Aldğı oy % Aldığı oy /o Aldığı oy /o Aldığı oy V /o Aldığı oy /o
14 727 4 7 17 889 5 6 2 066 0.7 1 436 0 5 2 598 0.8 1 725 0 5
_
2 704 5 2 3 279 6 3 284 0.6 174 0 3 419 0 8 274 0 5
936 2 0 2 489 5 2 456 1.0 195 0 4 366 0 8 203 0 5 — —
781 2 9 755 2 8 159 0.6 148 0 5 157 0.6 131 0 5 — —
1 324 6 7 1 546 7 8 83 0 4 102 0 5 69 0.4 40 0 2 —1
—
1 184 6 9 1 212 7 1 77 0 4 82 0 5 119 0.7 72 0 4 —_ —
557 3 9 883 6 1 59 0.4 64 0 5 78 0.5 64 0 5 —
951 6 8 558 4 0 88 0.6 86 0 6 43 0 3 43 0 3 — —
2 029 5 6 786 2 3 240 0.7 139 0 4 684 1.9 370 1 0 — —.
311 2 8 261 2 4 89 0 8 61 0 6 133 1.2 94 0 9
_
1 097 4 9 1 666 7 4 152 0.7 115 0 5 123 0.5 99 0 4
— .—.
417 5 4 424 5 5 25 0.3 45 0 6 20 0 3 15 0 2
— —
973 5 0 1 256 • 6 5 133 0.7 111 0 5 171 0 9 81 0 5 —
1 462 4 8 2 777 9 1 222 0.7 113 0 4 216 0.7 238 0 8
— —
2 903 1 8 2 734 1 7 921 0.6 692 0 4 911 0 6 687 0 4 — —
_ _
344 1 5 401 1 7 143 0 6 85 0 i 126 0.5 127 0 5
131 1 0 130 1 0 56 0 4 36 0 3 90 0.7 54 0 4 -
_
93 2 ö 19 0 5 15 0.4 11 0 3 8 0.2 5 0 1 — _
1 319 3 7 661 1 9 155 0 4 174 0 5 127 0.4 90 0 3 —
—
330 1 7 266 1 3 143 0.7 85 0 4 160 0 8 167 0 9 — —
57 0 8 166 2 5 32 0.5 26 0 4 44 0 6 23 0 3 —
—
322 1 0 432 1 3 186 0.6 142 0 4 100 0.3 101 0 3 —
—
29 0 4 193 2 8 39 0.6 36 0 5 112 1.6 35 0 5 -
—
278 1 6 466 2 6 151 0.8 97 0 5 144 0.8 85 0 5
— —