XXV
TABLO : 2
5 HAZİRAN 1966 KISMÎ SENATO ÜYELERİ SEÇİMİ SONUÇLARI
Seçmen
Listesinde Oy Muteber Siyasi Partilerin Aldığı Oy Sayısı Bağım­
Yazılı Kullanan Tutulan sızların
iilllleerr —— iillççeelleerr
Seçmen­ Seçmen­ Oy aldığı
ler ler Sayısı Sayısı A.P. C.H.P. C.KMP.j M.P. T.İ.P. Y.T.P. Oy
Sayısı Sayısı
Adana İl Toplamı 341 622 211 338 205 214 108 171 77 347 5 048 5 699 6 433 2 516
—
Merkez İlçesi 131 200 70 437 68 340 37 937 25 126 1 257 1 168 2 288 564
Bahçe » 15 323 10 356 10 036 5 521 3 412 364 383 209 147
—
Ceyhan » 41 193 27 974 26 984 12 073 11 999 552 606 1 385 369
—
Feke » 7 769 6 030 5 884 3 340 2 054 95 195 93 107
—
Kadirli » 26 222 18 877 18 459 9 041 7 527 753 506 388 244
—
Karaisalı » 19 635 11 251 10 901 6 776 2 911 412 388 243 171
—
Karataş » 13 289 8 279 8 064 3 599 3 497 140 223 495 110
—
Kozan » 35 305 22 448 21 833 11 467 7 669 719 918 664 396 —
Mağara » 8 338 5 954 5 884 2 950 2 352 126 253 118 85
—
Osmaniye » 24 967 18 213 17 624 9 535 6 831 341 448 300 169
—
Pozantı » 5 425 2 946 2 810 1 705 885 68 84 42 26
—
Saimbeyli » 5 906 3 960 3 884 2 094 1 409 58 174 77 72
—
Yumurtalık » 7 050 4 613 4 511 2 133 1 675 163 353 131 56
—
A. Karahisar İl Toplamı 226 505 125 472 120 932 86 517 21 234 2 664 6 398 2 216 1 903
—
Merkez İlçesi 46 021 25 810 25 119 19 720 3 089 544 1 101 373 292 —
Bolvadin » 14 369 5 971 5 753 4 583 473 106 440 81 70
—
Çay » 10 835 4 692 4 496 3 318 485 115 409 79 90
—
Dazkırı » 13 903 8 915 8 606 5 528 2 509 104 220 148 97
—
Dinar » 21 084 11 960 11 587 8 035 2 486 308 350 233 175
—
Emirdağ » 33 177 16 928 16 296 11 204 2 602 369 1 413 453 255
—
İhsaniye » 10 880 7 213 6 877 4 905 1 131 134 400 127 180
—
Sandıklı » 32 889 19 385 18 688 14 103 3 066 383 579 260 297
—
Sincanlı » 19 354 11 906 11 320 7 668 2 488 288 478 205 193
—
Sultandağı » 8 356 4 575 4 416 3 145 603 92 419 80 77
—
Şuhut » 15 637 8 117 7 774 4 308 2 302 221 589 177 177
—
Ankara İl Toplamı 665 005 415 792 398 463 203 706 116 725 11 175 41 326 17 095 7 758 627
Merkez İlçesi 49 478 27 239 26 453 14 987 7 019 643 2 440 1 087 276 1
Altındağ » 88 296 50 585 48 398 25 126 14 419 1 147 5 086 1 891 549 130
Ayaş » 7 298 5 230 4 928 3 515 870 102 256 67 104 14
Balâ » 16 839 12 708 12 026 6 155 3 445 267 1 150 199 784 26
Beypazarı » 16 536 9 732 9 340 7 080 1 220 235 425 186 146 48
Çamlıdere » 9 821 5 897 5 470 3 791 997 173 303 94 99 13
Çankaya » 195 352 108 291 105 222 42 236 40 846 2 825 9 504 8 054 1 640 117
Çubuk » 20 173 15 602 14 692 9 492 2 932 383 1 142 308 375 60
Delice » 9 758 7 550 7 116 2 919 1 523 249 2 150 132 143
—•
Elmadağı » 8 053 5 429 5 142 2 740 1 672 92 334 118 175 11
Güdül » 8 447 5 215 4 989 3 203 1 201 114 243 124 104
—
Haymana » 19 338 15 156 14 231 6 735 4 077 389 2 095 401 528 5
Kalecik » 12 465 8 770 8 399 5 049 1 832 245 778 204 287 4