XXVI
5 HAZİRAN 1966 KISMÎ SENATO ÜYELERİ SEÇİMİ SONUÇLARI
Seçmen
Listesinde Oy Muteber Siyasi Partilerin Aldığı Oy Sayısı Bağım­
Yazılı Kullanan Tutulan sızların
İller — İlçeler
Seçmen­ Seçmen­ Oy aldığı
ler ler Sayısı Sayısı A.P. C.H.P. C.KMP. M.P. TT..İİ..PP.. Y.T.P. Oy
Sayısı Sayısı
Keskin » 17 090 12 789 12 015 5 531 3 675 537 1 799 201 245 27
Kırıkkale » 40 697 26 803 25 276 12 971 6 666 524 4 463 356 212 84
Kızılcahamam» 20 028 14 150 13 462 9 617 2 020 367 773 312 371 2
Nallıhan » 16 841 12 899 12 342 7 722 2 699 420 807 363 324 7
Polatlı » 23 885 17 382 16 651 9 174 4 577 615 1 342 626 283 34
Sulakyurt » 7 671 5 433 5 131 2 086 1 689 195 722 152 283 4
Ş. Koçhisar » 26 900 18 443 17 586 8 186 4 200 823 3 289 670 418
—
Yenimahalle » 50 039 30 489 29 594 15 391 9 146 830 2 225 1 550 412 40
Bingöl İl Toplamı 57 440 43 582 42 485 17 436 9 992 668 2 182 12 211
— —
Merkez İlçesi 16 545 12 935 12 528 4 685 2 203 — 222 227 5 191 —
Genç » 11 084 7 528 7 380 1 733 998 78 114 4 457
— —
Karlıova » 7 467 6 408 6 242 3 085 2 194 90 152 725
— —
Kığı » 17 162 13 255 12 984 6 123 3 800 227 1 639 1 195
— —
Solhan » 5 182 3 456 3 351 1 810 797 51 50 643
— —
Bursa İl Toplamı 383 275 221 385 214 155 152 612 45 168 3 765 6 809 5 803
— —
Merkez İlçesi 152 857 89 473 86 648 63 781 17 026 1 105 2 105 2 631 — —
Gemlik » 17 663 8 563 8 378 6 869 1 276 53 73 109
— —
İnegöl » 40 201 19 489 18 802 13 525 3 933 433 483 428
— —
İznik » 15 190 9 061 8 798 5 721 2 417 124 296 240
— —
Karacabey » 28 518 17 461 16 894 11 779 3 999 242 505 369
— —
Keleş » 10 954 5 830 5 619 3 966 1 107 145 266 135
— —
Mudanya » 12 980 8 899 8 649 5 511 2 479 237 245 177
— —
M.Kemalpaşa » 42 048 23 675 23 027 16 265 4 040 661 1 344 717
— —
Orhaneli » 24 010 15 355 14 543 9 623 3 149 433 844 494
— —
Orhangazi » 15 830 9 683 9 398 6 933 1 968 139 156 202
— —
Yenişehir » 23 024 13 896 13 399 8 639 3 774 193 492 301
— —
Denizli İl Toplamı 220 849 127 355 122 372 77 103 37 439 3 885 2 039 1 906
— —
Merkez İlçesi 47 898 29 449 28 682 18 819 8 196 809 423 435 —.
Acıpayam » 31 072 17 868 16 985 12 323 3 379 727 270 286
— —
Buldan » 11 264 6 397 6 234 3 703 2 122 201 111 97
— —
Çal » 31 037 16 754 16 115 8 348 6 922 453 190 202
— —
Çameli » 8 895 5 292 5 099 3 813 904 214 89 79
— —
Çardak » 7 665 4 161 4 003 2 723 970 172 63 75
— —
Çivril » 23 969 14 411 13 868 7 492 5 441 406 328 201
— —
Güney » 8 077 3 116 3 030 1 663 1 105 106 91 65
— —
Kale » 9 202 4 741 4 521 3 121 1 000 206 91 103
— —
Sarayköy » 15 312 9 854 9 434 4 987 4 023 165 143 116
— —
Tavas » 26 458 15 312 14 401 10 111 3 377 — 426 240 247 —