XXVII
5 HAZİRAN 1966 KISMÎ SENATO ÜYELERİ SEÇİMİ SONUÇLARI
Seçmen
Listesinde Oy Muteber Siyasi Partilerin Aldığı Oy Sayısı Bağım­
Yazılı Kullanan Tutulan sızların
İİlllleerr —— İİllççeelleerr
Seçmen­ Seçmen­ Oy aldığı
ler ler Sayısı Sayısı A.P. C.H.P. C.KMP. M.P. TT..İİ..PP.. Y.T.P. Oy
Sayısı Sayısı
Diyarbakır İl Toplamı 181 945 99 079 96 454 43 432 19 369 1 471 1 578 11 549 19 055
—
Merkez İlçesi 57 499 26 872 26 021 12 902 6 533 374 492 2 414 3 306
—
Bismil » 15 414 12 227 11 854 5 802 1 356 113 169 1 620 2 794
—
Çermik » 12 613 6 701 6 639 2 878 2 293 102 68 173 1 125
—
Çınar » 9 744 6 619 6 539 4 172 892 61 54 889 471
—
Çüngüş » 6 209 2 502 2 358 987 822 82 118 173 176
—
Dicle » 10 727 5 847 5 695 4 038 746 70 78 512 251
—
Ergani » 16 434 7 092 6 806 2 008 1 717 307 104 424 2 246
—
Hani » 6 354 3 300 3 193 849 1 354 20 23 172 775
—
Hazro » 5 756 2 900 2 805 739 472 89 149 176 1 180
—
Kulp » 11 849 6 944 6 882 3 093 1 175 108 68 1 496 942
—
Lice » 14 044 8 663 8 549 1 553 1 260 49 59 2 344 3 284
—
Silvan » 15 302 9 412 9 113 4 411 749 96 196 1 156 2 505
—
Elâzığ İl Toplamı 128 600 67 372 65 479 36 860 20 971 1 174 1 702 3 271 1 504
—
Merkez İlçesi 54 554 26 545 25 852 15 749 7 255 349 437 1 650 412
—
Ağın » 3 591 2 354 2 272 1 293 692 134 56 53 44 —
Baskil » 9 208 4 723 4 615 2 958 1 110 95 177 178 97
—
Karakocan » 12 798 6 741 6 564 3 154 2 319 147 138 584 222
—
Keban » 5 715 2 395 2 342 1 445 555 40 49 189 64
—
Maden » 12 881 6 617 6 376 3 545 2 443 76 75 92 145 —
Palu » 22 292 13557 13 143 6 919 4 658 218 533 420 395
—
Sivrice » 7 561 4 440 4 315 1 797 1 939 115 237 105 125
—
Eskişehir İl Toplamı 190 829 122 966 118 446 73 648 32 633 2 513 5 415 2 777 1 452 7
Merkez İlçesi 110 514 69 605 67 290 41 188 19 069 1 437 2 954 1 872 768 1
Çifteler » 10 781 7 120 6 850 4177 2 057 102 334 105 75
—
Mahmudiye » 5 468 3 693 3 529 1 869 1 201 83 193 116 67
—
Mihalıççık » 19 349 13 050 12 395 8 511 2 863 274 377 183 183 4
Sarıcakaya » 6 910 4 045 3 802 2 509 790 114 267 61 61
—
Seyitgazi » 12 970 7 298 7 076 4 331 1 816 174 431 213 110 1
Sivrihisar » 24 837 18 155 17 504 11 063 4 837 329 859 227 188 1
Giresun İl Toplamı 182 348 105 788 102 916 59 471 28 410 2 096 9 511 1 872 1 556
—
Merkez İlçesi 30 616 19 117 18 628 10 828 4 165 339 2 580 357 359 —
Alucra » 15 655 9 338 9 C09 5 406 2 280 215 751 181 176 —
Bulancak » 28 114 18 217 17 717 8 287 7 710 266 924 301 229 —
Dereli » 13 575 7 328 7 067 4 246 1 298 221 1 079 118 105
—
Espiye » 18 205 10 194 9 942 6 493 2 417 180 604 148 100
—
Eynesil » 7 477 4 174 4 064 2 369 1 343 54 185 64 49
—
Görele » 19 873 12 630 12 243 7 340 3 216 296 983 235 173
—
Keşap » 14 373 9 094 8 900 5578 1 974 172 986 97 93
—
Ş. Karahisar » 12 649 5 450 5 283 2 431 2 153 172 268 117 142
—
Tirebolu » 21 811 10 246 10 063 6 493 1 854 181 1 151 254 130 —