XXVIII
5 HAZİRAN 1966 KISMÎ SENATO ÜYELERİ SEÇİMİ SONUÇLARI
Seçmen
Listesinde Oy Muteber Siyasi Partilerin Aldığı Oy Sayısı Bağım­
Yazılı Kullanan Tutulan sızların
İİlllleerr —— İİllççeelleerr
Seçmen­ Seçmen­ Oy aldığı
ler ler Sayısı Sayısı A.P. C.H.P. C.KMP. M.P. T.İ.P. Y.T.P. Oy
Sayısı Sayısı
Gümüşhane İl Toplamı 118 408 76 039 73 443 38 479 28 897 2 580 3 487
Merkez İlçesi 20 240 12 422 11 935 6 049 5 036 479 371
Bayburt » 45 164 29 056 28 045 16 456 8 153 1 000 2 436
— — —
Kelkit » 23 447 17 513 16 911 6 885 9 130 597 299
— — —
Şiran » 13 984 9 632 9 289 4 520 4 364 231 174
— — —
Torul » 15 573 7 416 7 263 4 569 2 214 273 207
— — —
İstanbul İl Toplamı 980 081 425 510 412 932 229 276 120 344 8 664 16 853 32 155 5 640
—
Adalar İlçesi 6 428 3 138 3 051 1 520 1 181 55 78 183 34 —,
Bakırköy » 68 262 30 024 29 270 16 195 8 573 565 986 2 547 404
—
Beşiktaş » 46 473 21 945 21 544 9 763 8 131 449 663 2 229 309
—
Beykoz » 28 491 14 865 14 473 8482 3 405 326 1 335 786 139
—
Beyoğlu » 91 086 36 811 35 786 19 947 9 990 740 1 751 2 836 522
—
Eminönü » 58 300 26 779 26 013 12 476 9 518 705 826 2 168 320
—
Eyüp » 66 447 27 219 26 099 16 825 4 369 566 1 253 2 575 511
—
Fatih » 160 611 64 222 62 661 33 856 19 197 1 479 2 420 5 038 671
—
G.Osmanpaşa » 35 715 15 492 14 813 9 980 2 122 322 573 1 564 252
—
Kadıköy » 76 716 33 075 32 378 14 424 13 323 555 819 2 820 437
—
Sarıyer » 24 014 11 413 11 020 5 728 3 856 195 462 615 164
. —
Şişli » 103 889 40 332 39 010 21 167 11 326 668 1 866 3 320 663
—
Üsküdar » 64 462 27 058 26 055 14 218 8 087 522 1 079 1 829 320
—
Zeytinburnu » 38 682 16 768 16 094 10 366 2 954 349 868 1 248 309
—
Çatalca » 25 997 13 637 13 220 8 901 3 034 251 482 403 149
—
Kartal » 40 349 19 011 18 477 10 822 5 466 355 510 1 136 188 —
Silivri » 17 698 9 061 8 721 5 253 2 653 152 151 393 119
—
Şile » 9 453 5 323 5 120 3 880 597 132 341 121 49
—
Yalova » 17 008 9 337 9 127 5 473 2 562 278 390 344 80
—
Kayseri İl Toplamı 235 991 151 453 145 487 82 512 47 409 4 306 7 099 4 161
— —
Merkez İlçesi 99 866 60 052 57 771 36 468 16 848 1 073 2 222 1 160 — —
Bünyan » 21 518 15 269 14 569 6 717 5 790 437 1 338 287 —
Develi » 23 049 14 022 13 333 8 211 3 838 219 659 406
—
Felahiye » 8 458 5 273 4 991 2 668 1 704 113 380 126
— —
İncesu » 9 013 4 576 4 386 2 535 1 232 130 316 173
— —
Pınarbaşı » 21 906 15 699 15 244 7 636 4 774 1 640 709 485
—
Sarıoğlan » 7 972 5 568 5 432 2 785 1 995 111 331 210
—
Sarız » 10 273 6 973 6 709 2 435 2 938 197 175 964
—
Tomarza » 15 147 10 288 9 781 5592 3 423 206 384 176
— —
Yahyalı » 11 118 8 068 7 766 4 697 2 566 92 327 84
— —
Yeşilhisar » 7 651 5 665 5 505 2 768 2 301 88 258 90 — —