XXIX
5 HAZİRAN 1966 KISMÎ SENATO ÜYELERİ SEÇİMİ SONUÇLARI
Seçmen
Listesinde Oy Muteber Siyasi Partilerin Aldığı Oy Sayısı Bağım­
Yazılı Kullanan Tutulan sızların
iilllleerr —— iillççeelleerr
Seçmen­ Seçmen­ Oy aldığı
ler ler Sayısı Sayısı A.P. C.H.P. C.KMP. M.P. T.l.P. Y.T.P. Oy
Sayısı Sayısı
Kocaeli İl Toplamı 141 123 81 163 77 921 44 281 20 087 1 263 9 112 2 195 696 287
Merkez ilçesi 71 084 42 602 40 880 22 732 9 306 739 6 536 1 050 364 153
Gebze » 16 393 8 641 8 407 5 309 2 108 128 545 232 72 13
Gölcük » 15 945 9 045 8 733 4 493 2 528 131 941 517 54 69
Kandıra » 23 322 13 513 12 835 7 106 4 537 198 612 198 145 39
Karamürsel » 14 379 7 362 7 066 4 641 1 608 67 478 198 61 13
Maraş İl Toplamı 178 676 84 718 82 290 41 426 29 200 4 894 5 206 1 564
— —
Merkez İlçesi 59 296 20 685 20 104 14 148 3 903 — 1 168 638 247 —
Afşin » 20 563 10 709 10 346 4 981 3 502 856 698 309
— —
Andırın » 12 873 8 242 8 020 2 995 3 547 1 143 204 131
— —
Elbistan » 33 552 18 301 17 763 6 011 9 436 399 1 646 271
— —
Göksün » 15 384 7 474 7 281 4 044 1 884 625 571 157
— —
Pazarcık » 26 294 13 224 12 883 6 170 4 736 352 1 282 343
— —
Türkoğlu » 10 714 6 083 5 893 3 077 2 192 351 167 106
— —
Muğla İl Toplamı 162 747 101 442 97 949 62 366 29 640 1 789 2 096 2 058
— —
Merkez İlçesi 26 083 14 195 13 668 8 400 4 507 190 274 297 — —
Bodrum » 14 157 9 021 8 759 6 425 1 953 78 145 158
— —
Datça » 3 621 2 392 2 309 1 533 702 24 22 28
— —
Fethiye » 34 298 19 935 19 226 14 069 3 918 332 534 375
— —
Köyceğiz » 16 766 10 140 9 853 6 121 2 834 173 345 380
— —
Marmaris » 6 800 3 982 3 845 2 273 1 250 161 89 72
— —
Milas » 34 269 24 411 23 635 13 983 8 364 605 365 318 — —
Ula » 8 175 5 148 4 970 2 224 2 393 61 72 220
— —
Yatağan » 18 578 12 218 11 682 7 338 3 719 165 250 210
— —
Niğde İl Toplamı 154 682 92 749 87 943 49 700 25 015 3 238 5 663 2 263 2 064
—
Merkez ilçesi 43 070 24 678 23 150 14 618 5 709 834 955 650 384
Aksaray » 55 708 34 870 33 084 17 527 10 537 1 421 1 842 686 1 071
• —
Bor » 25 673 13 008 12 387 7 321 3 391 397 758 289 231 —
Çamardı » 7 343 4 605 4 410 2 936 1 080 125 135 60 74
—
Ortaköy » 11 003 7 099 6 746 3 137 1 670 281 1 345 143 170
—
Ulukışla » 11 885 8 489 8 166 4 161 2 628 180 628 435 134 —
Sakarya 0 Toplamı 186 771 108 775 104 995 65 510 23 109 3 796 5 841 2 006 4 733
Merkez İlçesi 80 846 44 704 43 339 27 342 9 140 1 261 2 479 1 093 2 024
Akyazı » 24 396 14 267 13 769 8 596 2 872 523 828 171 779