XXX
5 HAZİRAN 1966 KISMÎ SENATO ÜYELERİ SEÇİMİ SONUÇLARI
Seçmen
Listesinde Oy Muteber Siyasi Partilerin Aldığı Oy Sayısı Bağım­
Yazılı Kullanan Tutulan sızların
iilllleerr —— iillççeelleerr
Seçmen­ Seçmen­ Oy I aldığı
ler ler Sayısı Sayısı A.P. C.H.P. C.KMP. M.P. T.I.P. Y.T.P. Oy
Sayısı Sayısı
Geyve » 27 396 16 113 15 462 9731 4 110 399 525 226 471
—
Hendek » 18 951 11 820 11 407 6 607 2 652 741 423 187 797
—
Karasu » 20 604 13 235 12 691 8 306 2 254 486 1 104 181 360
—
Kaynarca » 8 147 4 516 4 337 2 364 1 463 120 225 73 92
—
Sapanca » 6 431 4 120 3 990 2 564 618 266 257 75 210
—
Tekirdağ fl Toplamı 131 658 83 298 79 572 49 183 24 499 974 2 022 2 857 37
—
Merkez İlçesi 28 269 16 270 15 586 10 576 4 173 154 358 306 — 19
Çerkezköy » 6 185 4 059 3 866 2 451 1 111 42 72 190
— —
Çorlu » 24 286 15 067 14 218 7 122 5 342 187 385 1 168 18
—
Hayrabolu » 18 412 12 953 12 303 7 832 3 737 166 290 278
— —
Malkara » 25 536 15 975 15 376 9 007 5 396 188 447 338
— —
Muratlı » 8 298 5 643 5 391 3 548 1 130 104 268 341
— —
Saray » 10 611 7 220 7 004 5 007 1 680 69 114 134
— —
Şarköy » 10 061 6 111 5 828 3 640 1 930 64 92 102
— —
Trabzon İl Toplamı 263 183 131 320 127 885 67 836 45 597 993 10 667 1 792
— —
Merkez İlçesi 48 819 25 995 25 269 12 716 10 963 385 833 372
Akçaabat » 36 085 18 766 18 254 9 611 7 742 276 398 227 — —
Araklı » 21 200 10 933 10 733 4 585 1 121 176 4 712 139 — —
910 5 923 5 746 2 822 1 823 132 893 76
Arsın » 11 — —
612 7 198 6 966 4 149 2 409 94 207 107
Çaykara » 19 — —
198 9 272 9 056 3 232 5 131 140 416 137
Maçka » 19 — —
307 14 984 14 617 8 859 4 270 229 1 034 225
Of » 29 — —
521 9 645 9 328 5176 3 035 168 767 182
Sürmene » 20 — —
Tonya » 10 945 5 131 5 002 2 171 2 468 85 219 59 — —
Vakfıkebir » 34 749 19 171 18 692 12 150 5 346 231 749 216
— —
Yomra » 10 837 4 302 4 222 2 365 1 289 77 439 52
— —
Tunceli İl Toplamı 60 095 41 089 40 262 16 141 20 668 859 1 394 1 200
— —
Merkez İlçesi 7 456 5 341 5 259 930 4 015 — 131 104 79 —
Çemişkezek » 6 978 4 032 3 904 1 888 1 420 158 149 289
— —
Hozat » 5 989 4 591 4 526 2 588 1 635 53 69 181
— —
Mazgirt » 11 072 7 717 7 608 2 541 4 320 140 470 137
— —
Nazimiye » 5 254 3 136 3 083 1 053 1 733 48 190 59
— —
Ovacık » 6 391 5 243 5 155 1 901 2 962 75 66 151
— —
Pertek » 9 335 5 573 5 401 2 914 1 973 — 124 202 188 —
Pülümür » 7 620 5 456 5 326 2 326 2 610 130 144 116