f
2. 12 Ekim 1975 Cumhuriyet Senatosu Üyeleri Seçimi sonuçlarının
il ve ilçelere göre dağılımı
Seçime
Seçmen
Sandık ti ve ilçeler listesindeki Oy kullanan katılma Geçerli oy AP
sayısı seçmen sayısı oranı sayısı
seçmen sayısı
/o
Aldığı oy
GENEL TOPLAM 9 295 019 5 430 184 58.4 5 260 888 2 147 026
1 859 ADANA İL TOPLAMI 572 080 338 894 59.3 330 613 117 554
723 Merkez 241 908 134 059 55.4 130 993 40 168 30.7
84 Bahçe 20 552 17 551 85.4 17 102 7 034 41.1
191 Ceyhan 54 020 36 153 66.9 35 088 12 432 35.4
46 Feke 9 083 6 342 69.8 6 178 2 612 42.3
149 Kadirli 36 468 29 279 80.3 28 741 10 205 35.5
112 Karaisalı 22 038 17 667 97.1 17 164 8 479 49.4
88 Karataş 17 636 12 122 68.7 11 847 3 943 33.3
184 Kozan 47 212 34 525 73.1 33 695 13 711 40.7
143 Osmaniye 40 286 28 878 71.7 28 090 10 110 36.0
25 Pozantı 6 720 4 529 67.4 4 387 2 086 47.5
40 Saimbeyli 7 837 5 128 65.4 4 973 1 979 39.8
45 Tufanbeyli 10 524 7 001 66.5 6 817 2 594 38.1
29 Yumurtalık 7 796 5 660 72.6 5 538 2 201 39.7
1 043 A. KARAHİSAR İL TOPLAMI 258 783 153 937 59.5 148 213 78 842
239 Merkez 58 805 31 822 54.1 30 803 18 192
70 Bolvadin 17 016 9 853 57.9 9 455 3 391
49 Çay 12 008 6 712 55.9 6 475 3 071
67 Dazkırı 15 647 11 049 70.6 10 713 5 704
106 Dinar 24 021 14 981 62.4 14 240 7 371
142 Emirdağ 33 018 18 786 56.9 18 163 8 647
49 Ihsaniye 11 389 7 558 66.4 7 292 4 442
130 Sandıklı 36 937 20 971 56.8 20 202 11 606
81 Sinanpaşa (Sincanlı) 21 240 14 554 68.5 14 025 8 072
44 Sultandağı 10 913 5 775 52.9 5 554 2 212
66 Şuhut 17 918 11 885 66.3 11 291 6 129
3 823 ANKARA İL TOPLAMI 1 118 180 628 654 56.2 608 183 209 318
143 Merkez 44 696 20 663 46.2 20 080 7 782
622 Altındağ 210 778 116 628 55.3 112 474 38 764
1189 Çankaya 427 137 220 481 52.6 215 232 55 972
326 Yenimahalle 100 983 55 522 55.0 53 988 20 442
37 Aya* 7 212 5 414 74.0 5 252 2 926
84 Bala 17 593 12 572 71.5 11 906 4 754
101 Beypazarı 18 046 10 328 57.2 9 986 468
54 Çamlıdere 10 031 6 626 65.9 6 352 100
124 Çubuk 21 000 15 714 74.8 15 091 954
49 Delice 10 104 7 292 72.2 6 952 575
37 Elmadağ 10 277 7 781 75.7 7 514 624
39 Güdül 7 491 4 411 58.9 4 213 165
104 Haymana 22 060 14 778 67.0 14 199 4 021
68 Kalecik 12 284 8 421 68.6 , 8 075 3 494
91 Keskin 16 832 11 119 66.1 10 638 3 858
206 Kırıkkale 68 887 38 248 55.5 36 401 11 917
124 Kızılcahamam 18 607 13 067 70.2 12 449 7 068
99 Nallıhan 18 079 12 635 69.9 12 228 6 947
144 Polatlı 32 798 21 239 64.8 20 613 7 473
33 Sulakyurt 7 524 5 539 73.6 5 235 1 752
149 Ş. Koçhisar 35 389 20 081 56.7 19 241 6 262
XXIV