2. 12 Ekim 1975 Cumhuriyet Senatosu Üyeleri Seçimi sonuçlarının
il ye ilçelere göre dağılımı
Seçime katılan siyasi partilerin ve bağımsızların aldıkları oy sayısı
CHP DP MHP MSP TBP Bağımsızlar
Aldığı oy Aldığı oy V Aldığı oy Aldığı oy V Aldığı oy V Aldığı oy V
/o /o
/o /o /o /o
2 281 470 43.5 165 170 3.1 170 357 3.2 465 731 8.9 28 283 0.5 2 851 0.1
147 881 44.7 12 420 3.8 29 682 9.0 21 389 6.5 1 687 0.5 — —
72 602 55.4 2 572 1.9 6 429 4.9 8 437 6.4 785 0.6
6 230 36.4 1 130 6.6 1 010 5.9 1 628 9.6 70 0.4 — .
16 323 46.5 1 845 5.3 2 894 8.2 1 419 4.0 175 0.5 — —
2 201 35.6 409 6.6 318 5.1 610 9.9 28 0.5 — —
9 576 33.3 1 442 5.0 5 573 19.4 1 792 6.2 153 0.5 — —
4 489 26.1 557 3.2 1 863 10.8 1 680 9.8 96 0.5 — —
6 390 53.9 711 6.0 433 3.7 345 2.9 25 0.2 — —
11 955 35.5 2 013 6.0 4 205 12.5 1 667 4.9 144 0.4 — —
9 718 34.6 940 3.3 5 242 18.7 1 973 7.0 107 0.4 — —
1 659 37.8 137 3.1 192 4.4 294 6.7 19 0.1 — —
1 772 35.6 194 3.9 33 6.7 661 13.3 35 0.7 — —
2 774 40.7 243 3.6 552 8.1 628 9.2 26 0.4 — —
2 192 39.6 227 4.1 639 11.5 255 4.6 24 0.4 — —
41 809 28.2 5 734 3.9 7 698 5.2 14 130 9.5 — — — —
6 498 21.1 1 040 3.4 2 006 6.5 3 067 9.9
1 386 14.7 196 2.1 602 6.4 3 871 40.5 — — — —
2 198 34.0 198 3.0 475 7.3 533 8.2 — — — —
3 680 34.4 334 3.1 414 3.9 581 5.4 — — — —
4 408 30.9 1 005 7.1 704 4.9 752 5.3 — — — —
7 089 39.0 664 3.7 651 3.6 1 112 6.1 — — — —
1 813 24.9 284 3.9 223 3.0 530 7.3 — — —
4 488 22.2 859 4.3 1 377 6.8 1 872 9.3 — — — —
4 196 29.9 540 3.9 540 3.9 677 4.8 — — — —
2 608 46.9 208 3.8 287 5.2 239 4.3 — — — —
3 445 30.5 402 3.6 419 3.7 896 7.9 — — — —
303 559 49.9 13 883 2.3 31 262 5.1 38 338 6.3 8 565 1.4 2 422 0.4
9 818 48.9 262 1.3 892 4.4 1 179 5.9 83 0.4 64 0.3
57 305 50.9 1 411 1.3 4 956 4.4 7 790 6.9 1 725 1.5 523 0.4
131 498 61.2 2 290 1.1 9 001 4.2 9 553 4.4 4 934 2.3 819 0.4
25 696 47.6 804 1.5 2 345 4.3 4 072 7.5 469 0.9 160 0.3
1 309 24.9 272 5.2 155 2.9 555 10.6 15 0.3 20 0.4
4 665 39.2 460 3.9 1 080 9.1 858 7.2 53 0.4 36 0.3
2 420 24.2 453 4.5 939 9.4 612 6.1 56 0.7 38 0.3
1 324 20.9 203 3.2 213 3.4 457 7.2 34 0.5 21 0.3
4 056 26.9 513 3.4 882 5.8 1 443 9.6 156 1.0 87 0.6
3 075 44.2 303 4.4 357 5.1 533 7.7 64 0.9 45 0.6
3 229 43.0 213 2.8 252 3.3 150 2.0 27 0.3 19 0.2
1 360 32.3 218 5.2 163 3.9 247 5.9 45 1.1 15 0.2
7 225 51.0 564 4.0 453 3.2 1 819 12.8 47 0.3 70 0.5
2 570 31.8 414 5.1 695 8.6 790 9.8 63 0.8 49 0.6
4 154 39.0 455 4.3 1 351 12.7 671 6.3 90 0.9 59 0.5
15 235 41.9 1 755 4.8 4 044 11.1 3 040 8.4 224 0.6 186 0.5
2 988 24.0 682 5.5 695 5.6 899 7.2 84 0.7 33 0.2
3 933 32.2 562 4.6 353 2.9 324 2.6 64 0.5 45 0.4
9 675 46.9 536 2.6 981 4.7 1 815 8.8 74 0.3 69 0.3
2 656 50.7 133 2.5 303 5.8 267 5.1 96 1.8 28 0.5
8 990 46.7 1 380 7.2 1 167 6.1 1 242 6.5 162 0.8 38 0.2
XXV