2. 12 Ekim 1975 Cumhuriyet Senatosu Üyeleri Seçimi sonuçlarının
il ve ilçelere göre dağılımı
Seçime
Seçmen
Sandık İl ve ilçeler listesindeki Oy kullanan katılma Geçerli oy AP
sayısı seçmen sayısı oranı sayısı
seçmen sayısı
/o
Aldığı oy
1 686 BALIKESİR İL TOPLAMI (*) 429 622 275 403 64.1 266 965 141 160
317 Merkez 89 220 52 398 58.7 51 055 28 542
62 Ayvalık 18 387 11 929 64.9 11 682 5 495
66 Balya 15 805 10 106 63.9 9 853 5 346
120 Bandırma 37 114 22 621 61.0 22 227 11 764
104 Bigadiç 24 360 15 388 63.2 14 751 6 972
71 Burhaniye 18 780 12 503 66.6 12 112 4 383
133 Dursunbey 26 354 16 241 61.6 15 515 9 578
78 Edremit 22 804 15 404 67.5 15 081 7 361
53 Erdek 13 471 9 565 71.0 9 364 9 931
141 Gönen 32 666 21 061 64.5 ' 20 572 11 147
55 Havran 13 744 10 191 74.1 9 878 5 418
89 İvrindi 19 875 12 177 61.3 11 674 6 412
78 Kepsut 17 950 11 891 66.2 11 246 7 047
74 Manyas 17 424 10 466 60.1 10 187 5 170
57 Savaştepe 11 804 7 850 66.5 7 580 4 356
99 Sındırgı 26 996 20 435 75.7 19 433 8 152
89 Susurluk 22 865 15 177 66.4 14 754 9 085
423 BİNGÖL İL TOPLAMI 79 603 58 284 73.2 56 664 19 898
125 Merkez (Çapakçur) 26 826 17 656 65.8 17 038 8 419
82 Genç 14 054 10 655 75.6 10 508 3 383
58 Karlıova 9 658 8 026 83.1 7 733 3 024
126 Kığı 21 615 16 288 75.4 15 949 4 501
32 Solhan 7 318 5 653 77.3 5 430 563
1 876 BURSA İL TOPLAMI 502 658 330 366 65.7 319 039 181 929
814 Merkez 243 462 149 122 61.2 144 492 78 803
71 Gemlik 21 337 13 334 62.5 13 031 7 905
186 İnegöl 44 585 31 435 70.5 29 910 18 632
71 İznik 17 942 12 442 69.3 11 936 6 418
123 Karacabey 31 820 22 114 69.5 21 482 12 105
48 Keleş 11 996 8 610 71.8 8 199 5 492
58 Mudanya 14 119 11 119 78.8 10 876 5 739
201 M. Kemalpaşa 47 661 30 552 64.1 29 578 17 918
144 Orhaneli 26 967 19 516 72.4 18 497 12 274
61 Orhangazi 17 584 13 227 75.2 12 829 7 384
99 Yenişehir 25 165 18 895 75.1 18 209 9 259
1 055 DENİZLt IL TOPLAMI 276 963 170 051 61.4 163 444 74 314
271 Merkez 77 746 47 904 61.6 46 347 22 189
146 Acıpayam 36 288 21 905 60.4 20 790 10 562
54 Buldan 12 079 8 112 67.2 7 853 3 545
136 Çal 35 671 21 365 59.9 20 564 7 733
40 Çameli 9 953 6 037 60.7 5 813 3 237
38 Çardak 9 344 5 705 61.1 5 524 2 800
120 Çivril 29 407 17 980 61.1 17 248 7 503
34 Güney 7 713 4 968 64.4 4 749 1 292
47 Kale 10 932 6 534 59.8 6 230 2 803
67 Sarayköy 17 375 11 898 68.5 11 448 4 540
102 Tavas 30 465 17 663 58.0 16 878 8 110
(*) Boş bulunan bir senatörlük için ara seçimi yapılmıştır.
XXVI