2. 12 Ekim 1975 Cumhuriyet Senatosu Üyeleri Seçimi sonuçlarının
il ve ilçelere göre dağılımı
X Seçime katılan siyasi partilerin ve bağımsızların aldıkları oy sayısı
CHP DP MHP MSP TBP Bağımsızlar
ğı oy % Aldığı oy % Aldığı oy % Aldığı oy °/ Aldığı oy /o Aldığı oy /o
/o
102 963 38.6 6 051 2.3 3 322 1.2 12 384 4.6 1 085 0.4 — —
18 214 35.7 1 037 2.0 541 1.0 2 556 5.0 165 0.3 — —
5 764 49.3 149 1.3 72 0.6 168 1.4 34 0.3 — —
3 415 34.7 445 4.5 129 1.3 441 4.5 77 0.8 — —
9 572 43.1 262 1.2 170 0.7 417 1.9 42 0.2 — —
6 227 42.2 365 2.5 226 1.5 877 5.9 84 0.6 — —
6 841 56.5 171 1.4 117 1.0 572 4.7 28 0.2 — —
3 024 19.5 417 2.7 247 1,6 2 161 13.9 88 0.6 — —
7 122 47.2 153 1.0 108 0.7 299 2.0 38 0.3 — —
4 128 44.1 126 1.3 ^ 36 0.3 114 1.2 29 0.3 — —
7 289 35.4 596 2.9 427 2.1 1 027 5.0 86 0.4 — —
3 806 38.5 59 1.6 78 0.8 377 3.8 40 0.4 — —
3 897 33.4 380 3.2 344 2.9 567 4.8 74 0.6 — —
2 887 25.7 332 2.9 110 0.9 807 7.2 63 0.6 — —
4 195 41.2 268 2.6 92 0.9 436 4.3 26 0.2 — —
2 178 28.7 492 6.5 242 3.2 268 3.5 44 0.6 — —
9 616 49.5 437 2.2 299 1.5 826 4.3 103 0.5 — —
4 788 32.4 262 1.8 84 0.6 471 3.2 64 0.4 — —
15 624 27.6 372 0.7 171 0.3 20 467 36.1 132 0.2 — —
—
3 023 17.7 145 0.9 74 0.4 5 338 31.3 39 0.2
435 4.1 43 0.4 18 0.2 6 613 62.9 16 0.2 — —
1 774 23.1 44 0.6 20 0.2 2 848 36.8 23 0.3 — —
10 017 62.8 139 0.9 47 0.3 1 204 7.5 41 0.3 — —
345 6.3 30 0.6 13 0.2 4 463 82.2 16 0.3 — —
109 121 34.2 7 229 2.3 3 058 1.0 17 702 5.5 — — — —
— — — —
54 234 37.5 2 292 1.6 1 110 0.7 8 053 5.6
4 173 32.0 229 1.7 116 0.8 608 4.7 — — — —
8 103 27.1 573 1.9 578 1.9 2 024 6.8 — — — —
4 238 35.5 321 2.7 138 1.1 821 6.9 — — — —
7 710 35.9 689 3.2 138 0.6 840 3.9 — — — —
1 797 21.9 237 2.9 85 1.0 588 7.2 — — — —
4 663 42.9 259 2.4 86 0.8 129 1.2 — — — —
8 577 29.0 873 3.0 321 1.1 1 889 6.4 — — — —
4 157 22.5 617 3.3 272 1.4 1 177 6.4 — — — —
4 301 32.5 597 4.5 98 0.7 449 3.4 — — — —
7 168 39.4 542 3.0 116 0.6 1 124 6.2 — — — —
70 669 43.2 9 185 5.6 2 747 1.7 5 789 3.5 740 0.5 — —
20 047 43.3 1 615 3.5 623 1.3 1 722 3.7 151 0.3 — —
7 234 34.8 1 186 5.7 436 2.1 1 255 6.0 117 0.5 — —
3 629 46.2 352 4.5 193 2.5 94 1.2 40 0.5 — —
10 450 50.8 794 3.9 318 1.5 1 179 5.7 90 0.4 — —
1 936 33.3 366 6.3 59 1.0 191 3.3 24 0.4 — —
2 185 39.5 280 5.1 98 1.8 131 2.4 30 0.5 — —
8 339 48.3 750 4.3 186 1.1 391 3.4 79 0.4 — —
2 954 62.2 136 2.9 96 2.0 248 5.2 23 0.5 — —
—
2 291 36.8 762 12.2 177 2.8 155 0.5 42 0.7 —
6 195 54.1 332 2.9 182 1.6 149 1.3 50 0.3 —
5 409 32.0 2 612 15.5 379 2.2 274 1.6 94 0.5
XXVII