2. 12 Ekim 1975 Cumhuriyet Senatosu Üyeleri Seçimi sonuçlarının
il ve ilçelere göre dağılımı
Seçime
Seçmen
İl ve ilçeler listesindeki Oy kullanan katılma Geçerli oy AP
seçmen sayısı oranı sayısı
seçmen sayısı
°/
/o
Aldığı oy
073 DİYARBAKIR İL TOPLAMI 234 481 141 239 60.2 137 722 38 783
327 Merkez 88 727 46 745 52.7 45 170 12 363
110 Bismil 18 673 13 423 72.0 13 152 3 731
82 Çermik 15 372 7 996 52.0 7 838 1 485
62 Çınar 11 943 8 747 73.2 8 574 2 565
38 Çüngüş 6 942 3 211 46.3 3 108 734
48 Dicle 12 943 8 283 64.0 8 178 5 822
100 Ergani 21 285 9 973 46.9 9 638 1 994
27 Hani 7 639 3 777 49.4 3 716 1 452
29 Hazro 6 746 3 325 49.2 3 288 539
88 Kulp 15 080 10 189 67.6 10 019 2 669
72 Lice 15 287 11 167 73.0 10 451 3 171
90 Silvan 21 174 14 432 68.2 14 170 2 155
847 ELAZIĞ İL TOPLAMI 176 181 111 249 63.2 108 165 40 217
335 Merkez 90 419 51 509 57.0 50 502 22 974
24 Ağın 2 935 2 088 71.1 2 046 665
70 Baskil 10 499 6 878 65.5 6 619 2 888
97 Karakocan 15 648 11 323 72.4 11 006 2 280
38 Keban 6 395 3 553 55.6 3 438 1 523
71 Maden 15 633 9 833 62.9 9 463 3 940
157 Palu 26 633 21 108 79.3 20 666 4 112
55 Sivrice 8 034 4 557 56.7 4 414 1 830
023 ESKİŞEHİR İL TOPLAMI 251 250 152 250 60.6 146 873 72 825
632 Merkez 167 470 97 913 58.5 94 832 44 558
53 Çifteler 12 412 8 542 68.8 8 156 4 266
26 Mahmudiye 5 744 3 913 68.1 3 789 1 649
97 Mihalıççık 18 336 12 643 69.0 11 988 6 848
26 Sarıcakaya 7 158 4 363 61.0 4 212 2 644
68 Seyitgazi 12 928 8 161 63.1 7 722 4 049
121 Sivrihisar 26 508 16 815 63.4 16 174 8 811
832 GİRESUN IL TOPLAMI 213 539 129 763 60.8 126 409 64 297
132 Merkez 37 858 21 305 56.3 20 871 11 030
91 Alucra 18 828 10 092 53.6 9 746 4 733
117 Bulancak 33 598 20 553 61.2 19 911 7 544
53 Dereli 15 955 8 754 54.9 8 532 5 523
81 Espiye 22 121 15 176 68.6 14 799 8 382
33 Eynesil 7 956 5 202 65.4 5 028 2 898
107 Görele 22 393 14 645 65.4 14 345 7 556
62 Keşap 15 351 9 680 63.1 9 410 4 878
68 Ş. Karahisar 14 005 8 298 59.3 8 052 3 523
88 Tirebolu 25 774 16 069 62.3 15 715 8 230
XXVIII