2. 12 Ekim 1975 Cumhuriyet Senatosu Üyeleri Seçimi sonuçlarının
il ve ilçelere göre dağılımı
Seçime katılan siyasi partilerin ve bağımsızların aldıkları oy sayısı
CHP DP MHP MSP TBP Bağımsızlar
Aldığı oy V Aldığı oy V Aldığı oy % Aldığı oy /o Aldığı oy % Aldığı oy /o
/o /o
55 146 40.0 2 276 1.6 739 0.5 40 778 29.6
— — — —
22 809 50.5 605 1.3 221 0.3 9 172 20.3
5 869 44.6 294 2.2 88 0.6 3 170 24.1 — — — —
4 332 55.3 129 1.6 49 0.6 1 843 23.5 — — — —
3 316 38.7 120 1.4 33 0.4 2 540 29.6 — — — —
1 427 45.9 370 11.9 36 1.1 541 17.4 — — — —
1 124 13.7 74 0.9 25 0.3 1 133 13.9 — — — —
4 124 42.8 150 1.5 145 1.5 3 225 33.5 — — — —
578 15.6 36 1.0 11 0.2 1 639 44.1 — — — —
1 049 31.9 69 2.1 26 0.8 1 605 48.8 — — — —
3 034 30.3 228 2.3 62 0.6 4 026 40.3 — — — —
4 358 41.7 41 0.4 7 0.0 2 874 27.5 — — — —
2 858 20.2 154 1.1 42 0.3 8 961 63.2
32 209 29.8 1 602 1.5 4 120 3.8 29 605 27.4 412 0.3 — —
. 16 490 32.6 717 1.4 2 366 4.7 7 800 15.4 155 0.3 — —
580 28.3 52 2.5 209 10.2 532 26.0 8 0.4 — —
1 454 22.0 129 2.0 299 4.5 1 812 12.3 37 0.5 — —
5 217 47.4 105 0.9 107 1.0 3 245 29.5 52 0.5 — —
1 105 32.1 169 5.0 347 10.0 268 7.8 26 0.7 — —
4 232 44.7 175 2.0 197 2.1 874 9.2 45 0.4 — —
1 674 8.1 152 0.7 345 1.7 14 317 69.3 66 0.3 — —
1 457 33.0 103 2.3 250 5.7 758 17.2 21 0.5
60 959 41.5 3 475 2.4 2 650 1.8 6 377 4.3 587 0.4 — —
42 628 45.0 1 833 1.9 1 369 1.4 4 140 4.4 304 0.3 — —
3 148 38.6 218 2.7 177 2.2 314 3.8 0.4 — —
1 858 49.0 91 2.4 44 1.2 130 3.4 17 0.4 — —
3 912 32.6 375 3.1 470 3.9 292 2.4 91 0.7 — —
1 005 23.9 157 3.7 143 3.4 238 5.7 25 0.5 — —
3 000 38.9 296 3.8 79 1.0 258 3.3 40 0.5 — —
5 408 33.4 505 3.1 368 2.3 1 005 6.2 77 0.5
43 621 34.5 3 603 2.9 5 902 4.6 8 986 7.1 — — — —
— — — —
7 627 36.5 434 2.1 681 3.3 1 099 5.3
2 828 29.0 286 2.9 336 3.4 1 563 16.0 — — — —
9 610 48.3 556 2.8 450 2.3 1 751 8.8 — — — —
1 879 22.0 292 3.4 570 6.7 268 3.1 — — — —
4 223 28.5 497 3.4 1 046 7.1 651 4.4 — — — —
1 618 32.2 91 1.8 110 2.2 311 6.2 — — — —
5 281 36.8 426 3.0 375 2.6 707 4.9 — — — —
2 932 31.2 256 2.7 938 10.0 406 4.3 — — — —
2 535 31.5 246 3.0 556 6.9 1 192 14.8 — — — —
5 088 32.4 519 3.3 840 5.3 1 038 6.6
XXIX