2. 12 Ekim 1975 Cumhuriyet Senatosu Üyeleri Seçimi sonuçlarının
il ve ilçelere göre dağılımı
Seçime
Seçmen
Sandık II ve ilçeler listesindeki Oy kullanan katılma Geçerli oy AP
sayısı seçmen sayısı oranı sayısı
seçmen sayısı
V
/o
Aldığı oy %
654 GÜMÜŞHANE IL TOPLAMı 133 201 87 644 65.8 84 294 45 081 53.5
119 Merkez 23 117 14 996 64.8 14 596 8 287 56.8
237 Bayburt 52 261 35 210 67.4 33 663 17 466 51.9
124 Kelkit 27 509 18 381 66.8 17 594 - 9 021 51.3
82 Şiran 14 467 9 567 66.1 9 224 4 393 47.6
92 Torul 15 911 9 502 59.7 9 223 5 911 64.1
6 002 İSTANBUL İL TOPLAMI (*> 1 974 487 987 284 50.0 963 008 326 331 33.9
21 Adalar 6 157 3 788 61.5 3 675 1 332 36.2
845 Bakırköy 272 782 117 359 43.0 114 767 35 638 31.1
369 Beşiktaş 107 894 57 185 53.0 56 387 16 862 29.9
156 Beykoz 45 890 26 448 57.6 25 738 11 459 44.5
385 Beyoğlu 127 443 63 216 49.6 61 841 20 043 32.4
202 Eminönü 64 815 31 875 49.2 30 961 9 515 30.7
391 Eyüp 132 333 64 269 48.6 62 148 20 806 33.5
703 Fatih 262 230 139 151 53.1 136 188 43 273 31.8
205 Gaziosmanpaşa 72 482 35 955 49.6 34 783 11 393 32.8
605 Kadıköy 207 178 98 928 47.8 97 282 27 895 28.7
134 Sarıyer 42 372 23 440 55.3 22 892 7 664 33.5
615 Şişli 226 943 109 329 48,2 106 588 37 350 35.0
393 Üsküdar 132 076 66 804 50.6 64 942 23 304 35.9
175 Zeytinburnu 58 744 33 137 56.4 31 514 10 383 32.9
119 Çatalca 33 340 21 035 63.1 20 465 11 084 54.2
459 Kartal 124 739 58 356 46.8 56 985 19 531 34.3
70 Silivri 20 719 13 557 65.4 13 094 6 362 48.6
64 Şile 9 902 6 812 68.8 6 646 4 582 68.9
91 Yalavo 25 971 16 745 64.9 16 249 7 954 49.0
1 176 KAYSERI IL TOPLAMı 299 475 178 446 59.6 171 693 72 178 42.0
515 Merkez 143 565 79 242 55.2 76 675 33 680 43.9
89 Bünyan 23 264 15 174 65.2 14 504 6 575 45.3
105 Develi 27 151 15 499 57.1 14 837 6 379 43.0
41 Felahiye 10 999 5 385 49.0 5 067 2 468 48.7
39 İncesu 9 769 5 352 54.8 5 138 2 484 48.3
130 Pınarbaşı 23 500 15 464 65.8 14 909 4 874 32.7
46 Sarıoğlan 11 563 6 382 55.2 6 198 2 420 39.0
54 Sarız 10 517 7 500 38.7 7 264 1 672 23.0
70 Tomarza 16 725 11 042 66.0 10 545 4 608 43.7
51 Yahyalı 13 579 10 667 78.6 10 163 4 688 46.1
36 Yeşilhisar 8 646 6 732 77.9 6 400 2 350 36.7
817 KOCAELI IL TOPLAMI 218 292 129 894 59.5 126 439 53 859 42.6
436 Merkez 121 414 69 727 57.4 68 145 28 378 41.6
114 Gebze 31 134 17 392 55.9 16 894 7 215 42.7
96 Gölcük 25 522 15 593 34.3 15 256 6 431 42.1
99 Kandıra 24 091 16 303 67.7 15 553 7 053 45.2
72 Karamürsel 16 531 10 879 65.8 10 591 4 782 45.1
(*) Boş bulunan bir senatörlük için ara seçimi yapılmıştır.
XXX