2. 12 Ekim 1975 Cumhuriyet Senatosu Üyeleri Seçimi sonuçlarının
il ve ilçelere göre dağılımı
Seçime katılan siyasi partilerin ve bağımsızların aldıkları oy sayısı
CHP DP MHP MSP TBP Bağımsızlar
_V-
Aldığı oy % Aldığı oy % Aldığı oy V Aldığı oy V Aldığı oy % Aldığı oy %
/o /o
25 554 30.3 1 562 1.9 1 627 1.9 10 470 12.4
4 196 28.7 239 1.6 392 2.7 1 482 10.2
10 186 30.3 645 1.9 611 1.8 4 755 14.1 —
5 173 29.4 289 1.6 176 1.0 2 935 16.7 —. _ _
3 448 37.4 207 2.2 330 3.6 846 9.2
2 551 27.7 190 2.1 118 1.3 456 4.9 — — — —
560 423 58.2 13 752 1.4 9 962 1.0 42 741 4.4 9 394 1.0 428 0.9
2 108 57.4 40 1.1 46 1.3 73 2.0 72 2.0 4 0.0
71 098 61.9 1 712 1.5 1 083 0.9 4 329 3.8 891 0.8 16 0.0
37 270 66.1 411 0.7 504 0.9 1 044 1.8 291 0.5 5 0.0
11 817 45.9 409 1.6 321 1.2 1 624 6.4 98 0.4 10 0.0
35 612 57.6 967 1.6 524 0.8 3 039 4.9 1 650 2.7 6 0.0
18 649 60.2 425 1.4 432 1.4 1 710 5.5 181 0.6 49 0.2
35 095 56.5 1 253 2.0 687 1.1 3 705 6.0 586 0.9 16 0.0
80 609 59.2 1 553 1.1 1 816 1.3 8 041 5.9 841 0.6 55 0.0
20 480 58.9 695 2.0 385 1.1 1 597 4.6 210 0.6 23 0.0
64 681 66.5 870 0.9 719 0.7 2 719 2.8 390 0.4 8 0.0
13 651 59.6 342 1.5 223 0.9 692 3.0 313 1.4 7 0.2
59 316 55.6 1 526 1.4 912 0.8 5 010 4.7 2 458 2.3 16 0.1
36 518 56.2 810 1.2 679 1.1 3 247 5.0 321 0.5 63 0.0
18 019 57.2 613 1.9 425 1.3 1 639 5.2 378 1.2 57 0.2
8 458 41.3 445 2.2 178 0.9 223 1.1 62 0.3 15 0.0
32 069 56.3 1 055 1.8 635 1.1 3 126 5.3 532 0.9 37 0.6
6 220 47.5 239 1.8 83 0.6 131 1.0 44 0.3 15 0.0
İ 587 23.9 153 2.3 64 1.0 229 3.4 23 0.3 8 0.1
7 202 44.3 234 1.4 244 1.5 546 3.4 51 0.3 18 0.1
57 321 33.4 3 399 2.0 21 483 12 16 154 9.4 1 158 0.7 — —
26 408 34.4 1 246 1.6 7 659 10.0 7 293 9.5 389 0.5
3 597 24.8 326 2.2 2 616 18.0 1 260 8.7 130 0.9 —
4 390 29.6 381 2.6 1 835 12.3 1 702 11.5 150 1.0 —
1 606 31.7 139 2.7 562 11.1 234 4.6 58 1.1 —
1 543 30.0 157 3.1 440 8.6 454 8.8 60 1.2 —
5 165 34.6 324 2.2 3 126 21.0 1 289 8.6 131 0.9
2 241 36.2 163 2.6 878 14.2 441 7.1 55 0.9 —
3 768 51.9 28 1.2 1 503 20.7 179 2.5 54 0.7
3 684 34.9 275 2.6 1 125 10.7 783 7.4 70 0.7 —
2 423 23.8 155 1.5 922 9.1 1 959 19.3 16 0.2
2 496 39.0 145 2.3 814 12.7 550 8.6 45 0.7 — —
52 155 41.2 3 869 3.1 1 435 1.1 14 804 11.7 417 0.3 —
27 634 40.5 2 156 3.2 696 1.0 8 981 13.2 216 0.3
7 507 44.4 548 3.2 186 1.1 1 374 8.1 64 0.4
6 701 43.9 249 1.6 212 1.4 1 632 10.7 31 ,0.2
6 220 40.0 627 4.0 118 0.8 1 466 9.4 69 0.4
4 093 38.6 285 2.7 123 1.2 1 271 12.0 37 0.3 — —
XXXı