2. 12 Ekim 1975 Cumhuriyet Senatosu Üyeleri Seçimi sonuçlarının
il ve ilçelere göre dağılımı
Seçime
Seçmen
Sandık îl ve ilçeler listesindeki Oy kullanan katılma Geçerli oy AP
sayısı seçmen sayısı oranı sayısı
seçmen sayısı
%
Aldığı oy
2 351 KONYA İL TOPLAMİ (*) 617 492 332 676 53.9 321 040 98 094
556 Merkez 157 653 80 976 51.4 78 629 21 146 26 9
152 Akşehir 40 998 19 181 46.8 18 650 6 476 34 7
171 Beyşehir 46 490 24 916 53.7 23 785 10 023 42 1
113 Bozkır 29 162 14 786 50.7 14 018 3 884 27 7
105 Cihanbeyli 26 466 16 530 62.5 15 887 5 867 36 9
112 Çumra 30 639 16 784 54.8 16 172 4 138 25 6
51 Doğanhisar 14 209 6 862 48.3 6 631 2 182 32 9
182 Ereğli 46 248 26 091 56.4 25 369 5 985 23 6
112 Ermenak 25 094 14 140 56.3 13 573 4 909 36 2
72 Hadım 17 396 9 885 56.8 9 539 3 417 35 8
95 Ilgın 25 614 13 829 54.0 13 412 6 098 45 5
71 Kadınhanı 16 563 9 177 55.4 8 890 3 020 34 0
193 Karaman 45 869 26 053 56.8 25 187 5 535 22 0
77 Karapınar 18 223 11 654 64.0 11 285 2 139 19 0
71 Kulu 18 575 11 315 60.9 10 728 3 255 30 3
42 Saıayönü 11 110 7 476 67.3 7 222 2 683 37 1
103 Seydişehir 28 076 14 004 49.9 13 460 4 825 35 8
73 Yunak 18 906 9 017 47.7 8 601 2 512 29 2
761 MUĞLA İL TOPLAMI 199 818 145 019 72.6 139 711 71 917
114 Merkez 31 429 32 255 70.8 21 599 9 764 45 2
63 Bodrum 16 396 12 657 77.2 12 266 7 652 62 4
16 Datça 4 153 3 354 80.8 3 224 1 693 52 5
163 Fethiye 43 394 29 557 68.1 28 393 17 146 60 4
87 Köyceğiz 23 214 17 092 73.6 16 462 8 988 54 6
30 Marmaris 8 558 5 874 68.6 5 677 2 482 43 7
167 Milas 41 973 30 541 72.8 29 273 14 256 48 7
39 Ula 9 238 6 889 74.6 6 643 2 251 33 9
82 Yatağan 21 463 16 805 78.3 16 173 7 685 47 5
740 NİĞDE İL TOPLAMI 199 685 115 662 51.9 108 838 44 075
204 Merkez 54 779 31 417 57.4 29 140 14 191 48.7
275 Aksaray 76 393 41 913 54.8 39 464 14 343 36.3
114 Bor 31 090 17 758 57.1 16 730 6 351 38.0
32 Çamardı 8 830 5 831 66.0 5 566 2 429 43.6
62 Ortaköy 15 497 9 392 60.0 9 006 3 277 36.4
53 Ulukışla 13 194 9 483 71.9 9 109 3 464 38.0
961 SAKARYA İL TOPLAMI 232 589 140 757 60.5 136 441 61 049 44.7
418 Merkez 108 550 59 763 55.1 58 174 25 505 43.8
114 Akyazı 29 945 18 773 62.7 18 118 6 947 38.3
156 Geyve 29 553 20 089 68.0 19 373 10 272 53.0
97 Hendek 22 590 14 370 63.6 13 912 5 727 41.1
101 Karasu 26 509 16 741 63.2 16 180 7 877 68.7
41 Kaynarca 8 906 5 671 63.7 5 495 2 654 48.3
34 Sapanca 7 449 5 350 71.8 5 190 2 067 39.8
(*) Boş bulunan bir senatörlük için ara seçimi yapılmıştır.
XXXII