2. 12 Ekim 1975 Cumhuriyet Senatosu Üyeleri Seçimi sonuçlarının
il ve ilçelere göre dağılımı
Seçime katılan siyasi partilerin ve bağımsızların aldıkları oy sayısı
CHP DP MHP MSP TBP Bağımsızlar
Aldığı oy Aldığı oy V Aldığı oy Aldığı oy % Aldığı oy Aldığı oy
/o
/o
109 185 34 0 33 127 10.3 18 005 5.6 62 629 19.5
22 454 28 5 6 369 8.1 3 204 4.1 25 456 32.4
9 054 48 5 1 182 6.3 771 4.1 1 167 6.3
5 556 23 4 1 747 7.3 2 604 10.9 3 855 16.2
3 994 28 5 1 366 9.7 1 546 11.0 3 228 23.0
7 049 44 4 1 035 6.5 196 1.2 1 740 11.0
4 471 27 6 2 562 15.9 1 279 7.9 3 722 23.0
2 579 38 9 479 7.2 172 2.6 1 219 18.4
10 083 39 7 6 243 24.6 982 3.9 2 076 8.2
4 660 34 3 1 496 11.0 1 049 7.7 1 459 10.8
2 157 22 6 535 5.6 943 9.9 2 487 26.1
4 185 31 2 924 6.9 639 4.8 1 568 11.7
2 661 29 9 1 016 11.4 240 2.7 1 953 22.0
9 738 38 7 4 014 15.9 1 548 6.1 4 362 17.3
6 040 53 5 1 609 14.3 545 4.8 952 8.4
4 511 42 0 725 6.7 429 4.0 1 808 16.9
2 607 36 1 283 4.0 334 4.6 1 315 18.2
4 911 36 5 646 4.8 876 6.5 2 203 16.4
2 477 28 8 896 10.4 647 7.5 2 069 24.1
59 709 42 7 3 300 2.4 1 298 0.9 3 055 2.2 432 0.3
10 780 49 9 354 1.6 152 0.7 494 2.3 55 0 3
4 181 34 I 272 2.2 46 0.4 85 0.7 31 0 2
1 390 43 1 50 1.5 70 2.2 16 0.5 5 0 2
8 487 29 9 1 078 3.8 462 1.0 1 120 3.9 99 0 2
6 681 40 6 308 1.9 96 0.6 328 2.0 61 0 4
2 861 50 4 85 1.5 33 0.6 197 3.5 19 0 3
13 585 46 4 721 2.5 274 0.9 354 1.2 83 0 3
4 041 60 8 127 1.9 45 0.7 157 2.4 22 0 3
7 703 47 6 305 1.9 119 0.7 304 1.9 57 0 3
40 078 36 8 6 308 5.8 10 028 9.2 7 528 6.9 817 0.8
10 566 36 2 1 253 4.3 1 116 3.8 1 812 6.2 198 0 7
13 728 34 8 2 076 5.3 5 269 13.4 3 733 9.5 315 0 8
7 187 42 9 821 4.9 1 287 7.7 966 5.8 118 0 7
1 684 30 3 585 10.5 543 9.8 277 5.0 48 0 8
2 901 32 2 645 7.2 1 694 18.8 434 4.8 55 0 6
4 022 44 2 913 10.0 330 3.6 315 3.5 65 0 7
47 889 35 1 7 462 5.5 2 983 2.2 17 058 12.5
21 936 37 7 2 405 4.1 998 1.2 7 330 12.6
6 041 33 3 1 506 8.3 371 2.0 3 253 17.9
6 279 32 4 763 4.0 446 2.3 1 613 8.3
5 167 37 1 884 6.4 423 3.0 1 711 12.3
4 954 30 6 1 266 7.8 470 2.9 1 613 10.0
2 079 37 8 210 3.8 47 0.9 505 9.2
1 433 27 6 428 8.2 228 4.4 1 033 19.9
XXXIII