2. 12 Ekim 1975 Cumhuriyet Senatosu Üyeleri Seçimi sonuçlarının
il ve ilçelere göre dağılımı
Seçime
Seçmen
Sandık îl ve ilçeler listesindeki Oy kullanan katılma Geçerli oy AP
sayısı seçmen sayısı oranı sayısı
seçmen sayısı
/o
Aldığı oy %
1 587 SAMSUN İL TOPLAMI (*) 406 047 265 319 65 4 254 834 126 400 49 6
409 Merkez 120 983 75 273 62 2 72.588 35 604 49 0
91 Alaçam 22 725 16 384 72 1 15 658 7 353 47 0
216 Bafra 58 298 42 053 72 1 40 665 19 122 47 0
249 Çarşamba 64 869 38 307 59 1 36 958 16 794 45 4
120 Havza 27 012 18 993 70 3 18 349 8 846 48 2
108 Kavak 22 104 14 564 65 0 13 878 8 114 58 5
70 Ladik 13 306 9 643 72 5 9 040 3 972 43 9
138 Terme 37 793 24 287 58 5 23 290 10 366 44 5
186 Vezirköprü 39 205 25 840 65 9 24 408 16 229 66 5
563 TEKİRDAĞ İL TOPLAMI 152 216 103 576 68 1 100 732 49 411 49 0
138 Merkez 36 045 23 171 64 3 22 546 11 343 50 3
23 Çerkezköy 6 874 4 707 81 6 4 578 2 538 55 4
90 Çorlu 27 747 18 601 67 0 18 153 7 254 39 9
83 Hayrabolu 20 467 14 432 70 5 13 937 7 182 51 5
109 Malkara 29 184 19 735 67 6 19 186 9 147 47 7
35 Muratlı 9 270 6 853 73 9 6 635 2 901 43 7
42 Saray 11 666 8 625 73 0 8 438 5 105 60 5
43 Şarköy 11 002 7 471 67 9 7 259 3 941 54 3
•
1 155 TRABZON İL TOPLAMI 325 362 198 347 61 0 193 635 85 389 44 1
199 Merkez 72 782 45 442 62 4 44 558 18 942 42 5
162 Akçaabat 45 797 29 514 64 4 28 596 13 493 47 2
93 Araklı 26 488 16 914 63 9 16 621 8 019 48 2
49 Arsin 14 844 9 945 67 0 9 842 5 020 51 0
79 Çaykara 20 358 11 039 54 2 10 644 5 389 50 6
90 Maçka 21 618 11 703 54 1 11 430 3 873 33 9
159 Of 38 269 23 299 60 9 22 752 7 805 34 3
90 Sürmene 23 468 13 036 55 5 12 722 5 073 39 9
36 Tonya 9 910 5 504 55 5 5 262 2 184 41 5
150 Vakfıkebiı 37 608 23 719 63 1 23 219 11 720 50 5
48 Yomra 12 921 7 424 57 5 7 296 3 460 47 4
471 TUNCELİ IL TOPLAMI 67 951 45 753 67 3 45 324 5 194 11 4
55 Merkez 10 866 6 742 62 0 6 675 398 6 0
49 Çemişkezek 6 166 4 499 73 0 4 424 805 18 2
48 Hozat 7 001 4 598 65 7 4 550 683 15 0
87 Mazgirt 12 147 9 494 78 2 9 468 639 6 7
34 Nazimiye 5 441 3 239 57 0 3 180 458 14 4
68 Ovacık 7 290 5 378 73 8 5 327 465 8 7
55 Pertek 9 735 5 199 63 7 6 147 1 399 22 7
75 Pülümür 8 675 5 605 64 6 5 552 347 6 2
(*) Boş bulunan bir senatörlük için ara seçimi yapılmıştır.
XXXIV