2. 12 Ekim 1975 Cumhuriyet Senatosu Üyeleri Seçimi sonuçlarının
il ve ilçelere göre dağılımı
Seçime katılan siyasi partilerin ve bağımsızların aldıkları oy sayısı
CHP DP MHP MSP TBP Bağımsızlar
;ı oy V Aldığı oy /o Aldığı oy /o Aldığı oy V Aldığı oy /o Aldığı oy %
/o /o
102 745 40.3 7 389 2.9 3 837 1 5 13 198 5 2 1 265 0 5
31 403 43.3 1 337 1.8 907 1 .2 3 101 4 3 236 0 3
6 733 43.0 683 4.4 214 1 .4 559 3 6 116 0 7
17 765 43.7 1 255 3.1 495 1 .2 1 867 4 6 161 0 4
16 294 44.1 1 054 2.8 713 1 9 1 874 5 1 229 0 6
7 674 41.8 510 2.8 209 1 1 1 003 5 5 107 0 6
3 918 28.2 623 4.5 292 2 1 850 6 1 81 0 6 —
3 317 36.7 134 1.5 255 2 8 1 328 14 7 34 0 4 —
9 809 42.1 939 4.0 438 1 9 1 616 6 9 122 0 5 —
5 832 23.9 854 3.5 314 1 3 1 000 4 1 179 0 7 — —
45 746 45.4 2 308 2.3 889 0 9 2 002 2 0 376 0 4
9 576 42.5 386 1.7 300 1 3 887 3 9 54 0 2
1 868 40.8 87 1.9 31 0 6 40 0 9 14 0 3
10 005 55.1 398 2.2 126 0 7 251 1 4 119 0 6
5 981 42.9 360 2.6 138 1 0 219 1 6 57 0 4
8 922 46.5 557 2.9 148 0 8 330 1 7 62 0 3
3 292 49.6 210 3.2 52 0 8 156 2 3 24 0 4
3 041 36.0 155 1.8 60 0 7 50 0 6 27 0 3
3 061 42.2 135 1.8 34 0 5 69 0 9 19 0 2 — —
76 778 39.6 7 736 4.0 4 708 2 4 19 114 9 9
_
20 373 45.7 1 856 4.2 1 011 2 3 2 376 5 3
12 505 43.7 740 2.6 489 1 7 1 369 4 8
5 574 33.5 422 2.5 304 1 8 2 302 13 8
3 102 31.5 244 2.5 297 3 0 1 179 12 0
3 133 29.4 272 2.6 219 2 1 1 631 15 3
6 259 54.8 349 3.1 230 2 0 719 6 3
7 224 31.7 1 505 6.6 551 2 4 5 667 24 9
5 456 42.9 356 2.8 254 2 0 1 583 12 4
2 477 47.1 103 2.0 249 4 7 249 4 7
7 907 34.1 1 590 6.8 831 3 6 1 171 5 0
2 570 35.2 344 4.7 161 2 2 761 10 4 — — —
38 220 84.3 335 0.7 — 358 0 8 1 216 2 7 1 0.0
6 092 91.3 34 0.5 14 0 2 137 2 0
3 443 77.8 61 1.4 — 84 1 9 32 0 7 —
3 396 74.6 37 0.8 — 15 0 3 419 9 2
8 670 91.6 23 0.2 — 39 0 4 97 1 0
2 657 83.6 21 0.7 — 7 0 0 37 1 2
4 658 87.4 36 0.7 — 17 0 4 151 2 8
4 254 69.2 89 1.4 — 180 2 9 225 3 7
5 050 91.0 34 0.6 — 2 0 0 118 2 1 1 0.0
XXXV