2. 12 Ekim 1975 Cumhuriyet Senatosu Üyeleri Seçimi sonuçlarının
il ve ilçelere göre dağılımı
Seçime katılan siyasi partilerin ve bağımsızların aldıkları oy sayısı
CHP DP MHP MSP TBP Bağımsızlar
Aldığı oy % Aldığı oy Aldığı oy % Aldığı oy Aldığı oy % Aldığı oy
/ o
47 834 36.1 6 449 4.9 1 269 0.9 36 483 27.5
11 695 32 9 3 724 10.4 376 1 0 10 535 29.6
5 428 50 6 242 2.2 168 1 6 3 082 28.7
4 608 43 6 492 4.7 21 1 2 1 198 11.3
3 136 30 6 313 3.1 244 23 7 2 748 26.8
2 505 48 3 206 3.9 76 1 5 777 15.0!
3 410 36 6 131 1.4 47 0 5 1 070 11.5
5 216 24 8 280 1.3 91 0 4 6 836 32.5
4 906 36 7 913 6.8 86 0 6 4 204 31.4
6 928 41 7 155 0.9 61 0 4 5 939 35.7
34 272 48.5 2 344 3.3 1 482 2.1 4 192 6.0
12 329 46.0 687 2.6 664 2 4 2 180 8.1
6 040 44.8 397 2.9 423 3 1 497 3.7
6 911 56.4 304 2.5 206 1 7 729 5.9
3 035 56.4 176 3.3 43 0 8 213 4.0
2 846 45.7 569 9.1 50 0 8 339 5.4
3 111 48.3 211 3.3 96 1 5 234 3.6
XXXVII